   1.2483141e+00   6.6303599e-01   5.3662169e-01   1.2818009e+00   1.5461228e+00   1.1892738e+00   1.2282423e+00   1.2211924e+00   1.2778612e+00   1.3512841e+00   1.5283937e+00   1.1831793e+00
   4.5565584e-01   3.3434895e-01   7.6150936e-01   1.0971178e+00   9.0698582e-01   7.1312791e-01   9.5443034e-01   9.3885660e-01   6.5969211e-01   7.8008240e-01   1.1400448e+00   1.1222366e+00
   6.3310748e-01   5.5662793e-01   8.0168736e-01   1.4260415e+00   1.6484700e+00   1.1494832e+00   5.9884906e-01   2.9174662e-01   2.7183732e-01   3.2879585e-01   5.0643802e-01   5.9755671e-01
  -5.0822571e-02  -5.3396189e-01  -4.2164199e-02   8.6830503e-01   1.3532349e+00   1.0407141e+00   7.7338392e-01   3.8532415e-01   3.4127617e-01   7.2577250e-01   8.4727836e-01   6.4370185e-01
   4.6347889e-01   2.3174697e-01   6.7183471e-01   9.7136611e-01   9.6600151e-01   1.0569402e+00   8.7965661e-01   5.1054776e-01   3.5346466e-01   6.0099268e-01   1.3622977e+00   1.6347619e+00
   3.9921951e-01  -1.6306335e-01   3.3502570e-01   9.4938320e-01   1.0417528e+00   9.2123902e-01   1.1508555e+00   7.1272099e-01   2.1616179e-01   1.9452079e-01   5.4687923e-01   7.2353137e-01
   1.6759351e-01  -9.5599517e-02   1.1352998e-01   2.1079397e-01   3.7621799e-01   7.0032573e-01   8.4252161e-01   8.2573992e-01   5.0059873e-01   6.1795145e-01   1.3760095e+00   1.4623580e+00
   1.3874213e-02   7.2859988e-02   4.4447857e-01   3.9772826e-01   3.8894799e-01   7.5210589e-01   1.2483032e+00   1.2755288e+00   1.2790073e+00   1.7773982e+00   2.0195017e+00   1.9419696e+00
   1.3573053e+00   1.3956697e+00   1.7153656e+00   1.7604460e+00   1.4868838e+00   9.4496340e-01   8.2179266e-01   8.0305207e-01   1.2689078e+00   1.2800784e+00   1.0554507e+00   1.1462739e+00
   8.1347764e-01   5.9743547e-01   1.6247252e-02   3.2567382e-01   6.5596819e-01   5.7146937e-01   3.9741981e-01   4.2033017e-01   9.3738014e-01   1.3356258e+00   1.2432858e+00   1.2700918e+00
   8.4286684e-01   5.4931796e-01   1.2371598e-01  -9.1627128e-03   7.0093906e-01   1.1653467e+00   6.5439004e-01   5.9766269e-01   1.3843974e+00   1.8319974e+00   1.5897014e+00   1.5947862e+00
   1.0283474e+00   7.9161710e-01   1.1281095e+00   1.5913802e+00   1.2413518e+00   6.8330979e-01   4.0505391e-01   3.9448741e-01   7.8234887e-01   1.0454947e+00   1.0927767e+00   7.9306102e-01
   1.1350771e+00   9.5844162e-01   4.3093860e-01   6.7250228e-01   5.0851673e-01   6.0728651e-01   7.8529620e-01   7.1777540e-01   1.1631298e+00   9.7718084e-01   1.5972956e+00   1.9064304e+00
   1.4049884e+00   8.3276594e-01   9.5098162e-01   1.4640721e+00   1.5146865e+00   1.4457858e+00   3.1347606e-01  -2.8575218e-01  -3.9066711e-01   1.7885298e-01   3.8657364e-01   8.1601858e-01
   4.0398458e-01   5.3838772e-01   1.1725391e+00   1.7433940e+00   1.5951020e+00   6.8566298e-01   9.2573351e-01   1.4869703e+00   1.2176342e+00   1.1339750e+00   1.1860486e+00   5.8301795e-01
   7.1732014e-01   1.3556869e+00   1.4195342e+00   6.3312364e-01   3.3780399e-01   1.2191428e+00   1.4500394e+00   1.1877306e+00   1.2203608e+00   1.4568633e+00   1.6298512e+00   1.3429259e+00
   1.1211482e+00   1.4523767e+00   1.5552747e+00   1.9971470e+00   2.0402088e+00   9.4599885e-01   8.0659169e-01   5.1607394e-01   2.9822883e-01   3.4658635e-01   7.5635481e-01   6.2820089e-01
   2.6808999e-02   6.4424008e-01   1.0948311e+00   6.9153893e-01   1.0900832e+00   1.3793950e+00   9.8409766e-01   5.3446424e-01   5.0857580e-01   7.4704540e-01   2.1668985e+00   2.4309735e+00
   5.4613310e-01   6.5368003e-01   8.5796762e-01   6.6573381e-01   4.8263550e-02   1.2056492e-01   8.9003980e-01   1.9092282e+00   2.3251340e+00   2.3190317e+00   2.1719878e+00   2.0563197e+00
   1.9063736e+00   2.1529837e+00   2.2298768e+00   1.8670857e+00   1.5289993e+00   9.7467935e-01   4.5611060e-01   2.2750853e-01   3.5976720e-01   9.2278087e-01   1.2832648e+00   9.5590001e-01
   1.8387170e-01   3.3448789e-01   7.2414386e-01   5.2421063e-01   4.7705576e-01   5.1079625e-01   4.7149861e-01  -5.6487542e-01  -6.6583723e-01  -7.3686674e-02   9.4737136e-01   1.3520020e+00
   9.7987729e-01   7.0908260e-01   7.8460884e-01   1.1224065e+00   1.6781124e+00   1.3055388e+00   8.3434260e-01   6.3650888e-01   6.7956239e-01   8.9190680e-01   1.1933458e+00   1.4995663e+00
   6.7562932e-01   3.2775056e-01   6.6775936e-01   1.0148505e+00   9.8370349e-01   6.6974980e-01   3.9631855e-01   3.1189373e-01   6.3658154e-01   9.9799597e-01   9.2275548e-01   6.1182100e-01
   6.0763031e-01   7.3035115e-01   1.1903305e+00   1.7145947e+00   1.5089778e+00   8.9020616e-01   5.7698673e-01   3.0381411e-01   2.1336004e-01   4.9002761e-01   8.6608762e-01   9.1468769e-01
   4.3918657e-01   7.7385575e-01   1.3896000e+00   1.5374763e+00   1.3832382e+00   7.1717536e-01   7.2849888e-01   5.8724540e-01   5.3833789e-01   5.2121931e-01   4.9676219e-01   4.0151656e-01
   3.4521976e-01   7.1490884e-01   1.5822546e+00   2.2674952e+00   1.9304752e+00   7.8416079e-01   3.4529677e-01   1.5694608e-01   9.2974581e-02   3.0275103e-01   8.1464529e-01   1.0768420e+00
   1.3579637e+00   7.3302490e-01   4.2241716e-01   4.3274832e-01   7.3844814e-01   9.6190834e-01   1.3484533e+00   1.3597287e+00   1.1817491e+00   1.1727632e+00   1.1558367e+00   8.4269661e-01
   1.0003735e+00   1.1468778e+00   1.1628174e+00   1.4836441e+00   1.4736069e+00   6.0902417e-01   2.3527192e-01   1.5750453e-02   2.4170534e-01   4.5770842e-01   5.7199001e-01   4.7719535e-01
   2.4535835e-01   6.1789817e-01   1.1900899e+00   1.8121314e+00   1.7712712e+00   8.5149133e-01   3.3106902e-01   2.5335711e-01   1.5997703e-01   2.0593567e-01   7.2510344e-01   7.8347212e-01
   5.0842899e-01   3.8379490e-01   4.9845201e-01   8.8394529e-01   1.1585085e+00   1.1624823e+00   9.7127968e-01   7.8160655e-01   5.7437599e-01   7.8209561e-01   1.2019860e+00   1.6370667e+00
   1.7936172e+00   5.7565057e-01   2.9854876e-01   1.2261260e+00   1.7212758e+00   1.5549133e+00   1.1192490e+00   8.6905950e-01   6.7780590e-01   4.1952416e-01   1.2553963e-01   2.1625091e-01
   3.4064171e-01   6.4418119e-01   9.4714379e-01   1.2280688e+00   2.1060424e+00   9.1740215e-01   2.3594138e-01  -2.8719437e-01  -5.9056157e-01   8.7846056e-02   8.1329018e-01   5.9074163e-01
   5.0444669e-01   8.9933050e-01   1.0511025e+00   2.0868979e-01  -3.4645906e-01   4.5648268e-01   1.5560448e+00   1.9626404e+00   1.8684586e+00   1.8626860e+00   1.7926958e+00   1.6259282e+00
   1.3837676e+00   1.4627199e+00   1.5369436e+00   1.9056507e+00   1.6032612e+00   7.2072107e-01   6.3853514e-01   2.7096006e-01  -9.4953038e-02   3.4995624e-01   7.5903004e-01   4.9697500e-01
   4.1582736e-01   1.2126508e+00   1.3129004e+00  -2.8074029e-01   2.5749430e-01   5.8046448e-01   3.9991412e-01   3.4978196e-01   6.1195111e-01   1.4091686e+00   1.7371210e+00   1.1949250e+00
   8.1089723e-01   6.3730466e-01   1.0694202e+00   1.8509724e+00   1.4737017e+00   8.8658452e-01   7.4763912e-01   7.6832515e-01   9.8507237e-01   1.0343032e+00   1.0711718e+00   1.3474371e+00
   9.6766680e-01   7.2628057e-01   6.8687439e-01   7.3740840e-01   9.9374551e-01   8.0923611e-01   3.1463906e-01  -1.6655116e-01  -4.2195970e-01  -4.4905689e-02   2.6990876e-01   4.8627990e-01
   6.6351062e-01   6.5299869e-01   9.9682099e-01   1.3934902e+00   1.4939294e+00   8.2177681e-01   1.3415596e-01  -6.3492292e-01  -3.1653413e-01   2.9187617e-01   5.9347337e-01   7.0294064e-01
   6.8100733e-01   1.0552282e+00   1.1453563e+00   1.2532655e+00   1.5203397e+00   7.9029214e-01  -3.0510256e-01  -3.2842878e-01  -3.3822551e-02   8.7358135e-01   1.3828897e+00   1.2459934e+00
   9.4785649e-01   1.1726254e+00   1.7754377e+00   2.1769340e+00   2.2007239e+00   1.3271658e+00   4.9385381e-01  -6.1252259e-02   6.2385961e-02   4.8414135e-01   8.4982789e-01   8.6661834e-01
   5.2131802e-01   5.8843738e-01   1.0843214e+00   9.7445548e-01   1.0835400e+00   8.0389899e-01   5.2878422e-01   9.2128329e-02  -3.9954746e-01  -2.0144108e-01   5.6716937e-01   7.6751739e-01
   5.2177709e-01   7.0636696e-01   3.1241497e-01   5.5461401e-01   9.1305816e-01   5.3368556e-01   3.4758490e-01   7.4212652e-01   1.3700277e+00   1.9978870e+00   1.9951253e+00   1.2182457e+00
   7.4969482e-01   1.0768814e+00   1.0544438e+00   1.2501390e+00   1.5836703e+00   1.0331364e+00   2.6430583e-01   8.2718112e-02  -4.6877638e-02   1.2984127e-01   6.1207145e-01   9.8826802e-01
   6.6342264e-01   4.4230983e-01   8.6787164e-01   7.2542167e-01   8.1312960e-01   7.4515438e-01   1.6077891e-01   8.3758436e-02   2.6048958e-01   5.4753166e-01   8.7559199e-01   1.2188506e+00
   1.6361682e+00   1.7164876e+00   1.3933244e+00   6.6824538e-01   9.0109819e-01   8.1670439e-01   5.5949754e-01  -2.2133896e-01   9.2963250e-03   9.1122168e-01   1.5473839e+00   1.1520720e+00
   9.1543329e-01   1.0582440e+00   1.2974178e+00   1.4298341e+00   1.2261592e+00   6.6074908e-01  -4.5093730e-01  -7.1216846e-01  -9.9320978e-02   9.9859220e-01   1.6567404e+00   1.7396907e+00
   1.7336308e+00   1.2607599e+00   8.9875960e-01   1.1736108e+00   1.1079524e+00   9.1018879e-01   5.3017229e-01   2.2248186e-02  -1.7002834e-01   4.3254310e-01   1.1106472e+00   1.3293649e+00
   1.1347586e+00   1.1607136e+00   2.1474020e+00   2.4365163e+00   7.0625788e-01  -1.3368994e-01   1.2332179e-01  -7.0664173e-01  -9.1639090e-01   1.8225220e-01   1.0850534e+00   1.4151931e+00
   1.6243517e+00   1.9628580e+00   4.5301476e-01  -3.0987749e-03   7.9369873e-02   5.0624734e-01   9.9995261e-01   1.3117442e+00   1.7807600e+00   1.9997323e+00   1.7979881e+00   1.9148927e+00
   1.9214164e+00   1.5651402e+00   1.5165352e+00   1.2725213e+00   1.0343333e+00   1.0308408e+00   5.6332117e-01   2.6121166e-01   2.2941507e-01   6.9362038e-01   1.0155271e+00   5.3331506e-01
   3.1789151e-01   8.9912379e-01   1.1267147e+00   1.5490237e+00   1.9589154e+00   8.3733314e-01   7.5400615e-01   5.2609676e-01   5.3995883e-01   1.1655636e+00   1.2040687e+00   1.2621557e+00
   1.1348813e+00   9.6842730e-01   1.3494796e+00   1.8900032e+00   2.0603516e+00   1.5763670e+00   5.2243739e-01   1.5638614e-01  -2.3733616e-01  -3.2621164e-02   5.9778702e-01   6.8078029e-01
   7.5574118e-01   1.7723950e+00   2.6874559e+00   2.3451443e+00   1.6338907e+00   7.5549489e-01   2.7292752e-01   9.0067685e-03   4.2083837e-02   4.6976030e-01   5.5743957e-01   5.6727749e-01
   6.4312321e-01   5.1608878e-01   9.3546814e-01   1.3013841e+00   1.6386094e+00   1.3641691e+00   1.0860813e+00   6.5948319e-01   8.9970869e-01   1.2944634e+00   1.5530777e+00   1.4439610e+00
   1.2726945e+00   8.5373521e-01   1.1159083e+00   1.8365253e+00   2.0059457e+00   1.1423410e+00   7.2631603e-01   5.8179390e-01   1.9898979e-01   2.2521800e-01   4.3325281e-01   5.4420614e-01
   9.1975188e-01   9.9797988e-01   1.4586287e+00   1.4676572e+00   1.4836107e+00   1.6626632e+00   1.6949717e+00   1.2133393e+00   8.4379148e-01   1.0890932e+00   1.6835116e+00   1.6507190e+00
   1.3657918e+00   1.7707776e+00   1.9606082e+00   1.7834313e+00   1.7546602e+00   1.2969195e+00   7.5866854e-01   4.1798651e-01   3.4130648e-01   5.7958436e-01   7.8972226e-01   8.6996365e-01
   7.4653709e-01   7.7035689e-01   5.4082161e-01   9.2272812e-01   1.7972922e+00   1.5165118e+00   9.8920965e-01   5.6237024e-01   2.4573925e-01   6.2463069e-01   1.1510031e+00   1.1793425e+00
   2.6916772e-01   3.4917971e-01   1.2192258e+00   1.6904891e+00   1.8662471e+00   1.4247123e+00   1.1068369e+00   8.9412582e-01   2.6489684e-01  -3.6115762e-02   2.6096725e-01   5.8757663e-01
   7.6979548e-01   4.4908211e-01   4.0151319e-01   7.6410007e-01   1.2951249e+00   1.1063663e+00   8.1419164e-01   4.8057106e-01   4.2468676e-01   3.3481687e-01   5.1099712e-01   7.5886732e-01
   7.8631604e-01   7.6769561e-01   1.0086366e+00   8.5748649e-01   1.1910440e+00   1.4555490e+00   1.5642376e+00   1.1469343e+00   1.1712545e+00   1.5354228e+00   1.8258203e+00   1.6960182e+00
   1.3923547e+00   1.4379901e+00   1.8389440e+00   2.0544999e+00   1.8057742e+00   1.0134196e+00   4.9209341e-01   2.1674737e-01   1.8048628e-01   4.8916441e-01   8.3277053e-01   9.4380230e-01
   9.2134011e-01   8.1102860e-01   1.0237389e+00   1.4862759e+00   1.5278863e+00   1.0481703e+00   5.1521182e-01   4.2225385e-01   5.8428413e-01   8.2273465e-01   1.0137136e+00   1.1248950e+00
   7.7189708e-01   1.1328260e+00   1.5453602e+00   2.0968313e+00   2.4086154e+00   1.6549217e+00   6.6912365e-01  -1.4382502e-01  -2.1769904e-01   2.2825609e-01   6.3035452e-01   8.9014512e-01
   6.0011411e-01   3.7918955e-01   4.2014769e-01   1.1588579e+00   1.6925206e+00   1.3604683e+00   7.5869668e-01   8.2314777e-01   7.2118747e-01   6.7093492e-01   9.7789013e-01   9.7525269e-01
   4.7965959e-01   7.0343524e-01   9.3140519e-01   1.2954980e+00   1.6512368e+00   1.2895163e+00   9.6070981e-01   4.7233686e-01   3.6192110e-01   6.6230524e-01   1.2590269e+00   1.4092405e+00
   6.6080999e-01   6.7440540e-01   9.9705762e-01   1.3750241e+00   1.2233945e+00   9.9398535e-01   1.0788147e+00   9.8735130e-01   7.3285890e-01   6.4783376e-01   8.2594162e-01   1.0274737e+00
   8.5691118e-01   6.2818438e-01   7.9131019e-01   1.3929342e+00   1.9213058e+00   1.4836048e+00   5.5723774e-01   9.0036586e-02   1.2971927e-01   7.3126811e-01   1.1179603e+00   1.1974097e+00
   1.0403448e+00   1.1167397e+00   1.3447361e+00   1.5277544e+00   1.5629432e+00   1.1125306e+00   5.2566499e-01   2.8112206e-01   3.0722418e-01   5.8639514e-01   7.7677369e-01   7.9358315e-01
   7.9981011e-01   1.0557598e+00   1.5670195e+00   1.7699440e+00   1.2110050e+00   1.1023655e+00   1.0050486e+00   2.9197216e-01   3.0328318e-01   8.6057216e-01   1.1644453e+00   1.4775407e+00
   1.3855460e+00   4.6516135e-01   7.2096860e-01   1.3110073e+00   1.7588160e+00   1.4470581e+00   9.2935538e-01   6.9400877e-01   6.4941037e-01   1.1239523e+00   1.2089524e+00   6.8521398e-01
   7.9468781e-01   1.0354549e+00   9.8910367e-01   8.6906719e-01   9.8037732e-01   7.7818662e-01   1.0627834e+00   6.7118490e-01   1.5612753e-01   1.5883797e-01   7.7391940e-01   5.5341256e-01
  -4.7583982e-01  -1.4932661e-01   7.5705069e-01   1.8223997e+00   2.0918455e+00   1.2236308e+00   4.9931076e-01   1.3188557e-02  -2.4811172e-01   1.7916238e-02   2.3151213e-02   6.9915390e-01
   9.7649616e-01   7.8684825e-01   9.4591802e-01   1.7492516e+00   2.5092950e+00   2.1094973e+00   1.1783674e+00   9.4004035e-01   4.7308230e-01   1.3900447e-01   2.3361230e-01  -3.0649073e-02
  -1.3738444e-01   3.1434467e-01   1.4247531e+00   2.3997259e+00   2.8604035e+00   1.4070883e+00   5.0061941e-01  -1.4713584e-01  -4.7911990e-01  -3.2552770e-01  -1.3939728e-01   1.9615193e-01
   3.8654424e-02   3.4459653e-01   9.5832980e-01   1.8703250e+00   1.7436763e+00   8.8583952e-01   4.9138960e-01  -4.2287156e-01  -7.6295066e-01   1.1957617e-01   9.6124482e-01   8.6260915e-01
   8.4163815e-01   3.6887187e-01   5.6609571e-01   1.3985434e+00   1.6603278e+00   8.6717463e-01   4.5822039e-01   2.6719072e-01  -1.2714518e-02   4.0713802e-01   1.2731165e+00   1.4687451e+00
   8.1820601e-01   1.9917797e-01   9.3968526e-02   8.6350679e-01   1.5299953e+00   1.2418456e+00   3.4097099e-01  -5.2851242e-01  -5.8530360e-01   1.2899688e-01   8.8217020e-01   1.4323908e+00
   6.6881520e-01  -1.3354141e-01   6.0225463e-01   1.2637677e+00   1.9237354e+00   2.0907140e+00   1.6169357e+00   1.0307400e+00   8.0083680e-01   5.4375190e-01   6.1080098e-01   6.3179272e-01
   3.7333125e-01   3.1303886e-01   6.4954424e-01   1.1086001e+00   1.4388715e+00   1.1256353e+00   5.9527069e-01   3.0904233e-01   4.4369581e-01   6.9601029e-01   1.0241605e+00   7.0358217e-01
   6.4787263e-01   4.7328949e-01   1.2463610e+00   2.0526466e+00   2.0880744e+00   1.4078623e+00   9.2055929e-01   4.4355041e-01  -3.5288155e-02  -8.9575209e-02   3.1569770e-01   5.0441754e-01
   3.6910194e-01   3.6727974e-01   6.9380754e-01   1.4587922e+00   2.0827432e+00   2.3228204e+00   2.2450917e+00   1.8100878e+00   1.2975782e+00   1.0573938e+00   1.0626005e+00   1.0540620e+00
   8.1971401e-01   1.9120385e-01   2.5407851e-01   7.4422276e-01   1.2978405e+00   1.2235763e+00   8.1192815e-01   6.1276495e-01   6.6697431e-01   5.2670521e-01   5.3470314e-01   1.0336475e+00
   9.4540131e-01   7.0764101e-01   1.4264625e+00   1.3760774e+00   1.3223947e+00   1.0621322e+00   6.0789740e-01   3.0595261e-01   2.7998406e-01   6.9738388e-01   1.0012040e+00   6.4467090e-01
   4.3531531e-01   1.2623514e-01   9.4150856e-02   1.1541022e+00   1.7601693e+00   1.4893235e+00   8.8346612e-01   4.2106906e-01   3.6533371e-01   6.8368852e-01   1.1904807e+00   1.4513202e+00
   1.7032768e+00   1.3072826e+00   1.3974136e+00   1.5211017e+00   1.2141525e+00   1.2848502e+00   1.2111253e+00   5.9504598e-01   2.4194920e-01   3.6075857e-01   6.4754623e-01   1.2078146e+00
   8.3705235e-01   7.5610572e-01   9.1593128e-01   1.5592003e+00   2.4819958e+00   2.2048874e+00   1.3076786e+00   7.4104786e-01   6.2102437e-01   8.8943136e-01   1.1086007e+00   2.0365806e+00
   1.0133874e+00   5.5909312e-01   5.2998191e-01   1.3698266e+00   1.9282298e+00   2.2115824e+00   2.0483298e+00   1.6145617e+00   1.3702987e+00   1.5880606e+00   1.7804707e+00   2.3298144e+00
   1.5445251e+00   7.3492080e-01   7.8577554e-01   8.9914149e-01   1.3929889e+00   1.5159886e+00   1.5134094e+00   1.4587502e+00   1.2240503e+00   8.2800156e-01   8.7533820e-01   7.6849586e-01
   8.3288038e-01   8.0656785e-01   1.1403658e+00   1.8825160e+00   2.3014205e+00   2.0073385e+00   1.3616630e+00   9.5066160e-01   9.9828911e-01   1.1431887e+00   1.1520512e+00   1.0059721e+00
   8.2233268e-01   7.5806826e-01   1.1564026e+00   1.5783892e+00   1.7648603e+00   1.7908876e+00   1.6784930e+00   7.1642077e-01   2.5128603e-01   4.6582711e-01   9.2793202e-01   1.0860527e+00
   6.1375010e-01   1.1207241e+00   2.1511581e+00   2.1517825e+00   2.1785955e+00   2.1243114e+00   1.5742556e+00   9.2672402e-01   1.6873710e-01  -4.6272486e-02   1.1872030e-01   2.1781947e-01
   9.6210018e-02   3.4016207e-01   1.3122756e+00   2.1578772e+00   2.1555018e+00   1.6979544e+00   1.1209435e+00   2.1811379e-01   5.0917085e-02   1.7285296e-01   3.1226143e-01   4.0516856e-01
   8.7273437e-01   1.1859350e+00   1.2543374e+00   1.7115430e+00   2.2415686e+00   2.4948637e+00   1.9419270e+00   1.3399518e+00   8.0578250e-01   1.1114779e+00   1.5416589e+00   2.1177993e+00
   1.9702896e+00   1.5697190e+00   1.4399663e+00   1.8143414e+00   2.2527785e+00   2.2829955e+00   1.8139776e+00   1.6037356e+00   9.4841868e-01   5.6161481e-01   4.0333518e-01   3.6342314e-01
   1.9856906e-01   5.8008111e-01   9.3738288e-01   1.6803968e+00   2.0014749e+00   1.9822530e+00   1.5701512e+00   1.0498189e+00   9.2587250e-01   9.3796331e-01   1.0134957e+00   8.7984002e-01
   7.7652287e-01   1.2506166e+00   2.0289664e+00   2.6596832e+00   2.7475264e+00   2.5250545e+00   2.1953080e+00   1.7702007e+00   1.3352853e+00   1.1014194e+00   1.4025617e+00   1.6137779e+00
   1.1399362e+00   8.4235501e-01   1.2454413e+00   1.8478887e+00   2.2111416e+00   2.1009955e+00   1.8313650e+00   1.4142170e+00   1.1510413e+00   8.7386614e-01   7.3820335e-01   7.7037340e-01
   7.6458925e-01   8.8481665e-01   1.1007382e+00   1.0754322e+00   1.3855982e+00   1.6336107e+00   1.8400128e+00   1.5862058e+00   1.0657676e+00   8.4469080e-01   9.8397815e-01   1.2712305e+00
   1.4101268e+00   1.1453762e+00   1.4207439e+00   2.1748555e+00   2.5936368e+00   2.8165874e+00   2.6461582e+00   1.9077737e+00   1.0639682e+00   9.1621703e-01   1.0919311e+00   1.1188010e+00
   1.3287047e+00   1.0652220e+00   1.0414575e+00   1.5288413e+00   1.9798610e+00   1.6305590e+00   1.1141293e+00   9.9574739e-01   5.6926656e-01   5.9525490e-01   9.4048166e-01   1.2531682e+00
   1.1297833e+00   7.4512005e-01   7.0717061e-01   1.3843137e+00   1.7346952e+00   1.2669958e+00   4.3155080e-01   3.5939369e-01   3.2797498e-01   4.2627317e-01   5.9448910e-01   4.2987242e-01
   9.0094697e-01   1.2164075e+00   1.5720769e+00   2.2569425e+00   2.9185770e+00   2.9387636e+00   2.4257240e+00   2.2469525e+00   1.8223946e+00   1.6373671e+00   1.3075137e+00   9.8325616e-01
   7.1365231e-01   1.3043536e+00   2.0220785e+00   2.2608685e+00   2.2750363e+00   1.7997723e+00   1.2269959e+00   7.4235833e-01   7.8468919e-01   8.6468118e-01   1.4423764e+00   1.5889317e+00
   1.2075399e+00   7.9999012e-01   9.5400387e-01   1.5621657e+00   2.2578163e+00   2.2597558e+00   1.8881308e+00   1.5499479e+00   1.2254606e+00   1.2159996e+00   1.8178544e+00   1.7207344e+00
   1.4472313e+00   1.3976836e+00   1.5185403e+00   1.7768843e+00   1.6779884e+00   1.2554781e+00   9.1562337e-01   5.3373563e-01   1.7585444e-01   1.9029015e-01   3.4121200e-01   7.7469242e-01
   8.9294314e-01   1.0583673e+00   1.8035004e+00   2.7958214e+00   2.9297671e+00   2.5588865e+00   1.7965302e+00   1.3617724e+00   9.1287565e-01   6.6475660e-01   7.9996002e-01   1.1614903e+00
   1.0440981e+00   7.0093411e-01   9.8228979e-01   1.6143423e+00   2.1439197e+00   2.3374264e+00   2.0857885e+00   1.6477948e+00   1.3164107e+00   1.0063469e+00   1.0695565e+00   1.3142571e+00
   8.9814430e-01   8.1611580e-01   6.1251664e-01   8.9912879e-01   1.6552160e+00   2.0529466e+00   1.7781484e+00   1.2938204e+00   8.6968964e-01   7.3417932e-01   9.7757936e-01   1.0198433e+00
   5.9874761e-01   5.4243320e-01   1.0662111e+00   2.5928106e+00   3.1025534e+00   2.4199595e+00   1.6683443e+00   1.4259139e+00   8.1080669e-01   6.9768602e-01   5.7257015e-01   5.9476990e-01
   7.0553511e-01   8.9420533e-01   1.6040257e+00   1.9025676e+00   1.7141007e+00   1.7032297e+00   1.8320770e+00   1.6241243e+00   1.2543594e+00   1.1304123e+00   1.3150214e+00   1.5618551e+00
   1.5995507e+00   1.4170483e+00   1.6872240e+00   2.4434929e+00   2.6016138e+00   1.8814844e+00   1.4310467e+00   9.7380751e-01   1.3970460e-01  -4.2662370e-01  -2.3211941e-01   5.8422029e-01
   4.6623832e-01   7.3185861e-01   1.1508383e+00   1.6319172e+00   2.0480716e+00   2.0827601e+00   1.8102646e+00   1.4378488e+00   1.4194121e+00   1.4344100e+00   1.6045698e+00   1.8508670e+00
   1.6547129e+00   1.6013877e+00   1.9613410e+00   2.2320311e+00   2.5626495e+00   2.5010521e+00   1.9688268e+00   1.2011930e+00   4.0170521e-01   1.8460564e-01   6.1958826e-01   7.5167203e-01
   8.0547196e-01   4.4385889e-01   6.9316894e-01   1.4001483e+00   1.6602253e+00   1.3157147e+00   8.4442478e-01   4.3060926e-01  -2.4662445e-01  -2.9167193e-01   2.6528195e-01   7.0298308e-01
   5.1400989e-01   5.8589834e-01   9.5664281e-01   1.4738137e+00   1.7653717e+00   1.3875486e+00   6.2416124e-01   4.0994233e-01   1.8981826e-01  -5.1441636e-02   5.6233324e-02   5.9360886e-01
   6.1289960e-01   3.8274118e-01   5.5435038e-01   1.2213074e+00   1.7083788e+00   1.6822243e+00   1.4194863e+00   1.1654527e+00   6.6198659e-01   6.0134625e-01   7.6920605e-01   1.1988792e+00
   1.9995487e+00   1.8347392e+00   1.6303741e+00   2.2401519e+00   2.9190962e+00   2.9995127e+00   2.3516903e+00   1.4927050e+00   1.0961027e+00   1.0414233e+00   1.3318512e+00   1.6769246e+00
   1.8709108e+00   2.0674450e+00   2.2840655e+00   2.4552631e+00   2.5495441e+00   2.1381755e+00   1.5469925e+00   7.8914130e-01   5.2578235e-01   5.9200889e-01   8.3731467e-01   1.3771546e+00
   9.3253350e-01   1.1823595e+00   1.5492177e+00   1.5457610e+00   1.6360483e+00   1.7834152e+00   1.7885540e+00   1.2465930e+00   7.4802065e-01   8.2555854e-01   1.0722158e+00   1.4149764e+00
   9.8153222e-01   6.0503411e-01   1.2748435e+00   2.0132117e+00   2.2931049e+00   1.9171966e+00   1.6054478e+00   1.0045311e+00   3.8056344e-01   3.0767843e-01   3.7205726e-01   1.1641867e+00
   1.5618207e+00   1.2986276e+00   4.0805322e-01   8.2654929e-01   1.3164630e+00   1.5486510e+00   1.4199889e+00   1.1402042e+00   8.6882365e-01   7.0565498e-01   8.3034635e-01   1.0181684e+00
   6.8503213e-01   5.9210879e-01   8.9632452e-01   1.4334812e+00   1.5941986e+00   1.1871861e+00   1.0321509e+00   8.1202638e-01   5.7927281e-01   4.8120961e-01   6.6840965e-01   8.2863081e-01
   8.2271361e-01   9.1367739e-01   1.5365436e+00   2.2259116e+00   2.5839713e+00   2.1787686e+00   1.6508899e+00   1.1769593e+00   5.5068171e-01   3.6547834e-01   3.9198819e-01   5.2304101e-01
   6.9132638e-01   5.0519025e-01   7.1525502e-01   1.6807630e+00   2.4173412e+00   2.4216123e+00   1.8129052e+00   1.3833557e+00   1.0757757e+00   9.8766822e-01   9.8443121e-01   1.1278791e+00
   1.0048794e+00   6.9144869e-01   1.0260257e+00   1.4836973e+00   1.9234160e+00   1.7634108e+00   1.1707060e+00   6.2393564e-01   2.7716646e-01   1.6677377e-01   3.2983923e-01   8.6228067e-01
   1.0252047e+00   6.7893690e-01   1.2043356e+00   2.2890830e+00   2.1109896e+00   1.8158836e+00   8.7721634e-01   4.5467916e-01   2.5881839e-01   1.2695560e-01   5.9797291e-02   6.4715736e-02
   2.1997605e-01   5.6995344e-01   1.2330250e+00   1.9160584e+00   2.3750639e+00   2.4782064e+00   2.2536342e+00   1.8919448e+00   1.5398778e+00   1.2812392e+00   1.3612577e+00   1.7255247e+00
   1.2855254e+00   1.2298594e+00   1.6319799e+00   2.2243958e+00   2.6024282e+00   2.5476665e+00   1.9549538e+00   1.0901225e+00   8.9889348e-01   1.0691266e+00   1.1665111e+00   1.4311700e+00
   1.5145562e+00   1.2568872e+00   1.4858232e+00   1.9828120e+00   2.2826273e+00   2.2647142e+00   1.6725843e+00   1.1633352e+00   6.1421496e-01   6.3794565e-01   9.6188682e-01   1.2265048e+00
   1.2853130e+00   1.2375295e+00   1.6808498e+00   2.2163587e+00   2.4314084e+00   2.0950468e+00   1.2654315e+00   6.0327005e-01   4.3481314e-01   5.3340364e-01   8.7055248e-01   1.0626477e+00
   7.5522590e-01   2.7273980e-01   5.7263136e-01   1.3743668e+00   1.8390973e+00   1.8959423e+00   1.3122134e+00   7.7302313e-01   2.8274530e-01   2.5735107e-01   6.4966150e-02   3.8439339e-01
   7.9760617e-01   9.5865715e-01   1.5809243e+00   2.1474626e+00   2.3494740e+00   2.4389834e+00   1.9293896e+00   1.0366594e+00   7.3491025e-01   7.4882811e-01   6.9368601e-01   5.6144434e-01
   5.6007451e-01   6.2313402e-01   1.1566775e+00   2.1652615e+00   2.2288492e+00   1.9805243e+00   1.6997387e+00   8.8785410e-01   4.0948808e-01   2.9014382e-01   5.3978139e-01   9.1137916e-01
   6.4666152e-01   6.3198400e-01   1.2017987e+00   1.3058866e+00   1.6331632e+00   2.0323832e+00   1.6393387e+00   1.3418807e+00   1.0377239e+00   1.0248593e+00   1.1632698e+00   1.3972182e+00
   1.2385843e+00   1.7035426e+00   2.4777415e+00   3.1877768e+00   3.2355738e+00   2.7233455e+00   1.8047850e+00   1.1272384e+00   6.4734852e-01   2.9119578e-01   6.1158299e-01   6.3892138e-01
   6.2521917e-01   1.2465566e+00   2.1252036e+00   3.0271997e+00   3.3407314e+00   3.0842092e+00   2.3497179e+00   2.0116189e+00   1.6807674e+00   1.6174673e+00   1.9657333e+00   1.8801876e+00
   1.8294536e+00   2.0076222e+00   2.7670698e+00   3.3622165e+00   3.6223767e+00   3.2041686e+00   2.4148035e+00   1.6515769e+00   1.2164506e+00   1.2761233e+00   1.1078718e+00   1.0068583e+00
