   1.9863020e+00   1.5794506e+00   1.6487315e+00   2.0549512e+00   2.3244884e+00   1.9661783e+00   2.0298927e+00   2.0264096e+00   2.0781541e+00   2.0357807e+00   2.0074637e+00   1.6884166e+00
   1.3866397e+00   1.3448994e+00   1.5993133e+00   1.8926827e+00   1.7443067e+00   1.5195156e+00   1.7995152e+00   1.8939483e+00   1.7603252e+00   1.7375252e+00   1.8176900e+00   1.7728866e+00
   1.5678369e+00   1.5750122e+00   1.7185664e+00   2.1888385e+00   2.3947444e+00   1.9424070e+00   1.5445132e+00   1.4526597e+00   1.4388316e+00   1.3788543e+00   1.3705670e+00   1.4007009e+00
   1.1618398e+00   1.0618600e+00   1.1805773e+00   1.6541226e+00   2.0131292e+00   1.7461234e+00   1.6386932e+00   1.5125120e+00   1.5345937e+00   1.6478735e+00   1.6060208e+00   1.4522792e+00
   1.3706927e+00   1.4552598e+00   1.6270367e+00   1.8539957e+00   1.7421526e+00   1.9064893e+00   1.8950564e+00   1.6887232e+00   1.5633347e+00   1.6354997e+00   1.9826360e+00   2.1861393e+00
   1.5287757e+00   1.2483133e+00   1.5356493e+00   1.8874511e+00   1.8530468e+00   1.7479414e+00   1.9411527e+00   1.6523438e+00   1.3431139e+00   1.2883970e+00   1.3976643e+00   1.5742937e+00
   1.2400569e+00   1.0575736e+00   1.1604400e+00   1.2577929e+00   1.1637682e+00   1.3099529e+00   1.7709397e+00   1.8331079e+00   1.5895448e+00   1.5963453e+00   1.9979717e+00   2.1448660e+00
   1.1028492e+00   9.7182381e-01   1.3266542e+00   1.2025553e+00   1.2672977e+00   1.5871613e+00   2.0609295e+00   2.1014435e+00   2.1678782e+00   2.5401366e+00   2.6519928e+00   2.4867826e+00
   2.1716504e+00   2.1746564e+00   2.4597490e+00   2.5845697e+00   2.3757885e+00   1.8954077e+00   1.8167734e+00   1.8366981e+00   2.0924506e+00   1.9828844e+00   1.7519253e+00   1.8039594e+00
   1.6729580e+00   1.6536866e+00   1.4160200e+00   1.4831008e+00   1.5703886e+00   1.6138567e+00   1.7379000e+00   1.7716173e+00   1.9746296e+00   2.0496640e+00   1.9034884e+00   1.9621543e+00
   1.6883920e+00   1.4636548e+00   1.5512860e+00   1.2436637e+00   1.4647162e+00   2.0583000e+00   1.7868598e+00   1.7438604e+00   2.2465143e+00   2.4633412e+00   2.2735116e+00   2.2637746e+00
   1.9795184e+00   1.9452357e+00   2.0648701e+00   2.4430540e+00   2.1266451e+00   1.6499343e+00   1.4983567e+00   1.5528573e+00   1.7577407e+00   1.8097857e+00   1.8960953e+00   1.8975203e+00
   1.7548156e+00   1.9395586e+00   1.6427466e+00   1.8909698e+00   1.5684596e+00   1.5915647e+00   1.8325053e+00   1.8265820e+00   2.0776722e+00   1.8997176e+00   2.1619375e+00   2.3321815e+00
   2.0217385e+00   1.8591324e+00   1.8332337e+00   2.3791122e+00   2.2878213e+00   2.2651596e+00   1.4974890e+00   1.1949728e+00   9.8858416e-01   1.2930300e+00   1.3253965e+00   1.5698867e+00
   1.3143932e+00   1.4148387e+00   1.8169492e+00   2.3928280e+00   2.3523910e+00   1.6013874e+00   1.8155119e+00   2.2021205e+00   1.8931956e+00   1.7935677e+00   1.7385018e+00   1.5294785e+00
   1.5937425e+00   1.8630794e+00   2.1381824e+00   1.8034960e+00   1.5444438e+00   2.1063454e+00   2.2320004e+00   2.0632043e+00   2.0961680e+00   2.1908395e+00   2.1932926e+00   2.0963547e+00
   1.8857586e+00   2.0709536e+00   2.4197464e+00   2.8235230e+00   2.7829494e+00   1.9292080e+00   1.7467313e+00   1.6971502e+00   1.4505719e+00   1.4036077e+00   1.5166191e+00   1.4897640e+00
   1.2135880e+00   1.4501116e+00   2.3007176e+00   1.8398687e+00   1.8939199e+00   2.1177042e+00   1.9403684e+00   1.6361990e+00   1.5792977e+00   1.6089742e+00   2.5854685e+00   2.9597189e+00
   1.4168696e+00   1.4292917e+00   1.6512265e+00   1.6102190e+00   9.6702552e-01   1.2499022e+00   2.0341105e+00   2.8570762e+00   3.0893052e+00   3.0319226e+00   2.9215753e+00   2.8683307e+00
   2.7435906e+00   2.8274591e+00   2.9984214e+00   2.8265431e+00   2.4787900e+00   1.9495264e+00   1.5942340e+00   1.5712423e+00   1.5643486e+00   1.7410058e+00   1.8676660e+00   1.6593918e+00
   1.2365749e+00   1.3427123e+00   1.7814590e+00   1.7567064e+00   1.4436890e+00   1.4933678e+00   1.7197627e+00   1.1521635e+00   1.1151133e+00   1.4502774e+00   1.8976520e+00   2.0104113e+00
   1.8045856e+00   1.7449152e+00   1.9740998e+00   1.9895650e+00   2.2448168e+00   2.1073520e+00   1.7365010e+00   1.6546450e+00   1.6827006e+00   1.7747350e+00   1.8530338e+00   2.0431759e+00
   1.6335207e+00   1.5515258e+00   1.6359229e+00   1.8857832e+00   1.8113173e+00   1.6402078e+00   1.5775058e+00   1.5284553e+00   1.7166692e+00   1.8486806e+00   1.7166013e+00   1.5072713e+00
   1.6127583e+00   1.7355006e+00   2.0052836e+00   2.4283500e+00   2.3371165e+00   1.8565828e+00   1.6980376e+00   1.5498765e+00   1.4560952e+00   1.4924862e+00   1.6187278e+00   1.6264060e+00
   1.5163444e+00   1.6076647e+00   2.0162263e+00   2.2349684e+00   2.1410124e+00   1.6178182e+00   1.6457638e+00   1.6183182e+00   1.4985142e+00   1.3570025e+00   1.2800744e+00   1.2576307e+00
   1.3073288e+00   1.6119796e+00   2.0709157e+00   2.6727397e+00   2.5551095e+00   1.5609077e+00   1.2213790e+00   1.3131049e+00   1.2933623e+00   1.2007813e+00   1.4070047e+00   1.5674907e+00
   1.8249124e+00   1.4359591e+00   1.1469548e+00   1.2209035e+00   1.5348812e+00   1.7690973e+00   2.1156318e+00   2.1419661e+00   1.8849734e+00   1.7811048e+00   1.7985934e+00   1.6855028e+00
   1.6806446e+00   1.8492711e+00   1.9254948e+00   2.0995331e+00   2.1854613e+00   1.5259459e+00   1.3256123e+00   1.2064925e+00   1.3232195e+00   1.3367858e+00   1.3079393e+00   1.3719157e+00
   1.3496428e+00   1.5046639e+00   1.9116002e+00   2.3696895e+00   2.4870095e+00   1.7937466e+00   1.3440137e+00   1.3736308e+00   1.2356468e+00   1.1678553e+00   1.3862398e+00   1.4570879e+00
   1.2371277e+00   1.1238067e+00   1.1657368e+00   1.3803031e+00   1.6323340e+00   1.8490013e+00   1.8064963e+00   1.6816237e+00   1.5168648e+00   1.6575568e+00   1.8436977e+00   2.1288834e+00
   2.1622787e+00   1.6952970e+00   1.4775542e+00   1.9894048e+00   2.3970010e+00   2.2701957e+00   1.9093159e+00   1.7158936e+00   1.5547718e+00   1.2788073e+00   1.1794318e+00   1.2101109e+00
   1.2480438e+00   1.3858809e+00   1.7777134e+00   1.9572684e+00   2.7659113e+00   1.7423337e+00   1.2259129e+00   1.0298486e+00   8.9887440e-01   1.3162720e+00   1.6698723e+00   1.4786782e+00
   1.2105813e+00   1.5423512e+00   1.7415427e+00   1.0785288e+00   8.3933014e-01   1.6232913e+00   2.6978824e+00   3.0477178e+00   2.9090459e+00   2.7579761e+00   2.5551355e+00   2.3916371e+00
   2.1565218e+00   2.2196519e+00   2.2882316e+00   2.5416646e+00   2.3483515e+00   1.5590787e+00   1.6605287e+00   1.5230000e+00   1.2347548e+00   1.3501703e+00   1.3997012e+00   1.2829398e+00
   1.2379882e+00   1.8593230e+00   2.2951035e+00   1.0753253e+00   1.1955543e+00   1.4323930e+00   1.6229186e+00   1.8137180e+00   1.8850697e+00   2.1363590e+00   2.2500222e+00   1.9295168e+00
   1.6377904e+00   1.5853018e+00   1.7666818e+00   2.3026474e+00   2.1073122e+00   1.6049873e+00   1.6199497e+00   1.8073583e+00   1.9440944e+00   1.8487180e+00   1.7572458e+00   1.8786777e+00
   1.6743218e+00   1.5143971e+00   1.5367019e+00   1.6823497e+00   1.8300533e+00   1.4842782e+00   1.1235750e+00   1.0571427e+00   1.0281413e+00   1.1286262e+00   1.2512323e+00   1.3318888e+00
   1.3706226e+00   1.4217293e+00   1.7400404e+00   1.9026514e+00   2.0331297e+00   1.5455685e+00   1.0403992e+00   8.0178171e-01   1.1721261e+00   1.3991435e+00   1.5518723e+00   1.5603400e+00
   1.5528963e+00   1.7736911e+00   1.9079897e+00   1.9659367e+00   2.2754364e+00   1.6788377e+00   9.2047381e-01   1.1922170e+00   1.4072353e+00   1.8770193e+00   2.1092460e+00   1.9829620e+00
   1.8619734e+00   1.9922457e+00   2.5657914e+00   2.8421695e+00   2.8949103e+00   2.3283212e+00   1.7905364e+00   1.4397818e+00   1.5042202e+00   1.6354114e+00   1.7135420e+00   1.6145607e+00
   1.4997326e+00   1.4669690e+00   1.9305266e+00   1.9249626e+00   1.9831550e+00   1.7531422e+00   1.5188802e+00   1.5011448e+00   1.2009672e+00   1.1687671e+00   1.4225729e+00   1.4298223e+00
   1.2628863e+00   1.4173807e+00   1.3005426e+00   1.2443743e+00   1.5568780e+00   1.2871337e+00   1.4396737e+00   1.8524917e+00   2.2776723e+00   2.5280495e+00   2.3966856e+00   1.9355718e+00
   1.6798762e+00   1.8739963e+00   1.9251186e+00   1.8566474e+00   2.1321957e+00   1.8576560e+00   1.2285897e+00   1.1301383e+00   1.1458975e+00   1.2971808e+00   1.3723972e+00   1.5278628e+00
   1.3793999e+00   1.2518973e+00   1.5449302e+00   1.5658433e+00   1.5563737e+00   1.5101502e+00   1.1441437e+00   1.2777984e+00   1.5334510e+00   1.6413114e+00   1.8594880e+00   2.0963602e+00
   2.1630125e+00   2.1717293e+00   2.0274312e+00   1.5619040e+00   1.7320867e+00   1.5806324e+00   1.3160939e+00   1.0571147e+00   1.3893572e+00   1.8686130e+00   2.1530404e+00   1.8793613e+00
   1.7724696e+00   1.8031044e+00   1.9658990e+00   2.2008977e+00   2.0403826e+00   1.5315096e+00   8.5924900e-01   1.0083526e+00   1.5497780e+00   2.1552832e+00   2.4100835e+00   2.3510861e+00
   2.2913697e+00   2.1308558e+00   1.9325558e+00   2.3695881e+00   2.2349751e+00   1.8785186e+00   1.6072053e+00   1.4200116e+00   1.4130927e+00   1.6688458e+00   1.9608533e+00   1.9992584e+00
   1.9071537e+00   1.9976332e+00   2.6587534e+00   3.3345096e+00   2.1767924e+00   1.2690368e+00   1.3858395e+00   1.1115947e+00   1.0478178e+00   1.5894923e+00   1.8292720e+00   1.8682753e+00
   2.1898460e+00   2.5656185e+00   1.6042080e+00   1.1661873e+00   1.2350153e+00   1.4734002e+00   2.0981040e+00   2.4393222e+00   2.6136935e+00   2.6951351e+00   2.5402696e+00   2.5984631e+00
   2.4988546e+00   2.2594616e+00   2.2435999e+00   2.2879195e+00   1.9045399e+00   1.8278842e+00   1.5535740e+00   1.5106949e+00   1.4780210e+00   1.6403183e+00   1.7143848e+00   1.5616785e+00
   1.4882960e+00   1.8789313e+00   2.1452031e+00   2.1644089e+00   2.8344007e+00   1.8578137e+00   1.6558697e+00   1.4519972e+00   1.4872736e+00   1.8641268e+00   1.8484237e+00   1.8327887e+00
   1.8194122e+00   1.8772657e+00   2.1058776e+00   2.4731874e+00   2.7437677e+00   2.4558768e+00   1.6101302e+00   1.2647028e+00   1.2347095e+00   1.2591896e+00   1.4709967e+00   1.5622190e+00
   1.7428280e+00   2.2487550e+00   3.0500872e+00   3.1002779e+00   2.6570542e+00   1.9150943e+00   1.5078666e+00   1.5157573e+00   1.5697366e+00   1.6387690e+00   1.4465457e+00   1.3050364e+00
   1.4574151e+00   1.3695461e+00   1.8054497e+00   2.0299344e+00   2.2953925e+00   2.1082475e+00   1.9379216e+00   1.7159092e+00   1.9191350e+00   2.0664592e+00   2.1890635e+00   2.0402396e+00
   1.8914608e+00   1.8269590e+00   2.0806987e+00   2.5241654e+00   2.8667574e+00   2.1799145e+00   1.7095364e+00   1.7205592e+00   1.4826179e+00   1.3539453e+00   1.3528502e+00   1.3704102e+00
   1.5123304e+00   1.6252147e+00   1.9371063e+00   2.1161976e+00   2.1573589e+00   2.1688211e+00   2.2480483e+00   1.8960748e+00   1.6704391e+00   1.8350919e+00   2.1902335e+00   2.2336447e+00
   2.0733252e+00   2.2235897e+00   2.5196028e+00   2.5027287e+00   2.4232960e+00   2.1084673e+00   1.6561933e+00   1.5004034e+00   1.5132896e+00   1.5271492e+00   1.5467330e+00   1.4972852e+00
   1.4877042e+00   1.5008738e+00   1.5428609e+00   1.6773652e+00   2.3635583e+00   2.0964863e+00   1.6652203e+00   1.5123552e+00   1.4068273e+00   1.6314287e+00   1.8056324e+00   1.8059080e+00
   1.4778513e+00   1.4812415e+00   2.0148835e+00   2.2674422e+00   2.5136216e+00   2.2014093e+00   1.8995310e+00   1.9008667e+00   1.5192264e+00   1.2103236e+00   1.2579472e+00   1.2956592e+00
   1.4379410e+00   1.3288330e+00   1.3898532e+00   1.5190794e+00   1.9638116e+00   1.7140824e+00   1.5828978e+00   1.4863929e+00   1.5151198e+00   1.3327497e+00   1.2456700e+00   1.2903638e+00
   1.2462276e+00   1.2202535e+00   1.5225976e+00   1.6001647e+00   1.7590352e+00   2.0078683e+00   2.2019494e+00   1.9949003e+00   2.0268457e+00   2.2161927e+00   2.3734899e+00   2.2125390e+00
   2.1970043e+00   2.2182889e+00   2.3974409e+00   2.6801558e+00   2.5966735e+00   1.9091593e+00   1.5021602e+00   1.3895417e+00   1.4000103e+00   1.5261252e+00   1.6046957e+00   1.5871263e+00
   1.5642406e+00   1.6238458e+00   1.8893909e+00   2.2074220e+00   2.2642472e+00   1.8819696e+00   1.4867153e+00   1.5416793e+00   1.6871626e+00   1.7360107e+00   1.7863054e+00   1.7871784e+00
   1.7120694e+00   1.9728427e+00   2.2808933e+00   2.6662848e+00   3.0682709e+00   2.5989668e+00   1.7508452e+00   1.2202648e+00   1.2129130e+00   1.4122928e+00   1.5050143e+00   1.5896502e+00
   1.4122068e+00   1.4188462e+00   1.4921305e+00   1.9479798e+00   2.3666725e+00   2.1693842e+00   1.6768458e+00   1.7991300e+00   1.7393020e+00   1.6302695e+00   1.6028472e+00   1.5657798e+00
   1.3313951e+00   1.5116016e+00   1.7624958e+00   1.9683018e+00   2.2646832e+00   1.9992104e+00   1.7959276e+00   1.5063937e+00   1.4877717e+00   1.6544422e+00   1.7994406e+00   1.8601142e+00
   1.4712379e+00   1.5041976e+00   1.6472366e+00   1.9413812e+00   1.9758488e+00   1.7849846e+00   1.8576820e+00   1.8605504e+00   1.7006826e+00   1.5539445e+00   1.5671200e+00   1.6175025e+00
   1.5724112e+00   1.4479496e+00   1.7054497e+00   1.9735804e+00   2.4525068e+00   2.1510673e+00   1.5759686e+00   1.3017188e+00   1.3752152e+00   1.6222656e+00   1.7801880e+00   1.7609404e+00
   1.7085092e+00   1.8468952e+00   2.0417278e+00   2.2756009e+00   2.3919232e+00   2.0437720e+00   1.5103370e+00   1.4322817e+00   1.4646381e+00   1.6254172e+00   1.6462152e+00   1.5559293e+00
   1.5403100e+00   1.8019308e+00   2.0533357e+00   2.3279343e+00   1.9956080e+00   1.7848227e+00   1.7593377e+00   1.4143789e+00   1.4231238e+00   1.6963153e+00   1.8027790e+00   1.9380810e+00
   1.8692768e+00   1.4339458e+00   1.5677931e+00   2.0581503e+00   2.4239328e+00   2.1555636e+00   1.7698640e+00   1.6240507e+00   1.6143053e+00   1.8040217e+00   1.7481413e+00   1.3694028e+00
   1.3995572e+00   1.5617994e+00   1.6812488e+00   1.5140010e+00   1.6887274e+00   1.6286643e+00   1.8377216e+00   1.6481129e+00   1.3216709e+00   1.1985481e+00   1.5878245e+00   1.4433229e+00
   1.0248922e+00   1.2704247e+00   1.6835287e+00   2.4022043e+00   2.6608467e+00   2.0624793e+00   1.4491210e+00   1.2399805e+00   1.0695143e+00   1.3345628e+00   1.2632668e+00   1.4783156e+00
   1.6387979e+00   1.6805696e+00   1.8801857e+00   2.2091873e+00   2.8334792e+00   2.6377406e+00   1.7853333e+00   1.6037804e+00   1.3643545e+00   1.1396685e+00   1.0867946e+00   9.8329014e-01
   1.1257840e+00   1.4608543e+00   2.1351125e+00   2.7297261e+00   3.3511004e+00   2.5045905e+00   1.7025430e+00   1.3697947e+00   1.1502140e+00   1.1305863e+00   1.1111330e+00   1.2594764e+00
   1.1700832e+00   1.3592774e+00   1.7456324e+00   2.3169007e+00   2.3819668e+00   1.7201583e+00   1.2814641e+00   8.6815983e-01   8.4917217e-01   1.4337257e+00   1.8435544e+00   1.7032032e+00
   1.6537700e+00   1.5075374e+00   1.5852541e+00   1.9832866e+00   2.2965810e+00   1.7780120e+00   1.4198958e+00   1.3366668e+00   1.2164541e+00   1.4111365e+00   1.8225374e+00   1.9954123e+00
   1.6422558e+00   1.3442743e+00   1.3602947e+00   1.7012213e+00   2.1935444e+00   2.0528510e+00   1.3359588e+00   8.7059200e-01   9.1717678e-01   1.3335487e+00   1.6452403e+00   1.9330612e+00
   1.5488938e+00   1.2554623e+00   1.5609562e+00   1.9898810e+00   2.4539793e+00   2.5751512e+00   2.2776015e+00   1.9373770e+00   1.7861453e+00   1.4959456e+00   1.4027854e+00   1.4397118e+00
   1.4000318e+00   1.4362099e+00   1.5394579e+00   1.8807324e+00   2.0788503e+00   1.9264350e+00   1.5537040e+00   1.4145539e+00   1.5571808e+00   1.6214730e+00   1.6692488e+00   1.4294814e+00
   1.4622967e+00   1.6372215e+00   1.9661416e+00   2.6231945e+00   2.8237236e+00   2.2970698e+00   1.9244244e+00   1.5634388e+00   1.2916263e+00   1.2155577e+00   1.3809932e+00   1.3627286e+00
   1.2619865e+00   1.3209958e+00   1.6654916e+00   2.1467409e+00   2.6083331e+00   2.7810373e+00   2.7336631e+00   2.4461634e+00   2.0910649e+00   1.9536457e+00   1.8770982e+00   1.9107742e+00
   1.9364604e+00   1.4087522e+00   1.4004905e+00   1.6287525e+00   2.0271461e+00   1.9721643e+00   1.6227328e+00   1.4456050e+00   1.4608966e+00   1.4287555e+00   1.3693206e+00   1.5875723e+00
   1.6596184e+00   1.5898626e+00   1.9549396e+00   2.0498388e+00   1.9919029e+00   1.9111397e+00   1.6835668e+00   1.4806118e+00   1.4581897e+00   1.6240619e+00   1.7513893e+00   1.5066134e+00
   1.4109458e+00   1.4053810e+00   1.3937023e+00   1.8645713e+00   2.5074816e+00   2.3146601e+00   1.8823524e+00   1.5782837e+00   1.5716343e+00   1.6698780e+00   1.9598153e+00   2.0879345e+00
   2.4071238e+00   2.2051132e+00   2.2298615e+00   2.3398390e+00   2.2246974e+00   2.2793987e+00   2.1819618e+00   1.7908480e+00   1.5511123e+00   1.6115928e+00   1.6739688e+00   2.1479266e+00
   1.8336754e+00   1.7637962e+00   1.9068284e+00   2.3446591e+00   3.0077372e+00   2.8481956e+00   2.0706954e+00   1.6716727e+00   1.6064758e+00   1.6689341e+00   1.7129693e+00   2.4843321e+00
   1.8174300e+00   1.4088759e+00   1.3841877e+00   1.9692386e+00   2.4628763e+00   2.7363400e+00   2.5653012e+00   2.3335764e+00   2.2201376e+00   2.3445423e+00   2.3428578e+00   2.7118478e+00
   2.0921783e+00   1.6187958e+00   1.5890963e+00   1.7441202e+00   2.2127993e+00   2.2783971e+00   2.1908691e+00   2.0995076e+00   1.9482784e+00   1.6879827e+00   1.6537265e+00   1.6626052e+00
   1.7047038e+00   1.8418874e+00   2.0314350e+00   2.5372965e+00   2.8959455e+00   2.6753590e+00   2.2138641e+00   1.8995423e+00   1.8703237e+00   1.8961083e+00   1.8273567e+00   1.7077112e+00
   1.6223103e+00   1.5340977e+00   1.7631787e+00   2.2047865e+00   2.3655994e+00   2.4198506e+00   2.3345582e+00   1.6765387e+00   1.3455920e+00   1.4619849e+00   1.7008311e+00   1.7391764e+00
   1.7105918e+00   2.0137944e+00   2.6730545e+00   2.7361200e+00   2.8752830e+00   2.9507408e+00   2.5923054e+00   2.0636196e+00   1.5181916e+00   1.3219502e+00   1.3046809e+00   1.3035491e+00
   1.3470409e+00   1.5713646e+00   2.1118665e+00   2.7196155e+00   2.7935021e+00   2.5169415e+00   2.1522546e+00   1.4424807e+00   1.3107893e+00   1.3377469e+00   1.3527453e+00   1.2673640e+00
   1.5678757e+00   1.8941604e+00   2.0713828e+00   2.4463770e+00   2.8229108e+00   3.0268989e+00   2.5292106e+00   2.0947752e+00   1.8256648e+00   2.0269442e+00   2.2150674e+00   2.5287645e+00
   2.5114193e+00   2.3082693e+00   2.3333464e+00   2.6192164e+00   2.9178283e+00   2.9885015e+00   2.5802968e+00   2.4255080e+00   1.8586397e+00   1.5414263e+00   1.2596487e+00   1.2355362e+00
   1.2204407e+00   1.3997818e+00   1.6164544e+00   2.1149991e+00   2.5177290e+00   2.5444984e+00   2.1843979e+00   1.8655193e+00   1.8080760e+00   1.7313558e+00   1.6718688e+00   1.5459667e+00
   1.6170753e+00   2.0043321e+00   2.6819694e+00   3.1034732e+00   3.2797365e+00   3.1189489e+00   2.7739632e+00   2.3717122e+00   2.1823902e+00   1.9527606e+00   2.0981424e+00   2.2564797e+00
   1.8715128e+00   1.6806333e+00   2.0407157e+00   2.3458176e+00   2.7188766e+00   2.7140670e+00   2.4340525e+00   2.0942974e+00   1.9941903e+00   1.8139634e+00   1.6859030e+00   1.5984687e+00
   1.5392443e+00   1.6140156e+00   1.7644200e+00   1.7409137e+00   2.0203998e+00   2.2776616e+00   2.4608719e+00   2.3864388e+00   2.0127938e+00   1.7868654e+00   1.7489984e+00   1.8436346e+00
   1.9400678e+00   1.9290752e+00   2.1129837e+00   2.6464324e+00   3.0941424e+00   3.4044421e+00   3.3898613e+00   2.8475211e+00   2.1218791e+00   1.9660560e+00   2.0307693e+00   2.0077288e+00
   2.1855083e+00   2.1198232e+00   2.1397123e+00   2.3659277e+00   2.7898540e+00   2.5335705e+00   2.1139085e+00   2.1269798e+00   1.8260837e+00   1.7959453e+00   1.9482683e+00   2.1902502e+00
   2.1635516e+00   1.9933714e+00   2.0565956e+00   2.5249925e+00   2.8271677e+00   2.4440372e+00   1.6483593e+00   1.4852959e+00   1.4185197e+00   1.4220842e+00   1.5251082e+00   1.2825981e+00
   1.6043348e+00   1.8407313e+00   2.2519159e+00   2.7979200e+00   3.3011079e+00   3.3624194e+00   2.9408460e+00   2.8700314e+00   2.4885623e+00   2.3053439e+00   2.0329263e+00   1.7720716e+00
   1.5964381e+00   2.0883763e+00   2.7099464e+00   3.0412128e+00   3.0312817e+00   2.6708503e+00   2.2117138e+00   1.9191008e+00   1.9774172e+00   1.9808433e+00   2.2991934e+00   2.3825977e+00
   2.1334693e+00   1.9624087e+00   2.1273127e+00   2.4381056e+00   2.9237373e+00   2.9632640e+00   2.6827426e+00   2.3928845e+00   2.1393313e+00   2.0738196e+00   2.4013028e+00   2.3686004e+00
   2.2494445e+00   2.3303802e+00   2.4888093e+00   2.7985117e+00   2.7883539e+00   2.5027015e+00   2.1225834e+00   1.7220823e+00   1.3574797e+00   1.3908622e+00   1.3556330e+00   1.6653410e+00
   1.8604053e+00   2.0915163e+00   2.5148172e+00   3.2968912e+00   3.4765275e+00   3.2756786e+00   2.6282055e+00   2.2835915e+00   1.8652850e+00   1.6783208e+00   1.6546853e+00   1.8344567e+00
   1.7289207e+00   1.6505244e+00   1.9748507e+00   2.5096684e+00   2.8531046e+00   2.9121675e+00   2.6564660e+00   2.3463275e+00   2.1029398e+00   1.8544700e+00   1.8507560e+00   1.9161724e+00
   1.7042320e+00   1.6231720e+00   1.6217631e+00   1.7347370e+00   2.3071792e+00   2.7100229e+00   2.4775217e+00   2.0988390e+00   1.8429487e+00   1.6519427e+00   1.8150933e+00   1.8371296e+00
   1.5809193e+00   1.6212195e+00   1.8836206e+00   3.1363382e+00   3.8357491e+00   3.4176726e+00   2.6849213e+00   2.4524696e+00   1.9140862e+00   1.8100277e+00   1.5245063e+00   1.5000180e+00
   1.6220179e+00   1.8412814e+00   2.3009617e+00   2.6103311e+00   2.5119874e+00   2.5833864e+00   2.7252474e+00   2.6214194e+00   2.3901372e+00   2.1038806e+00   2.1095698e+00   2.2286856e+00
   2.2994325e+00   2.1221375e+00   2.4933984e+00   3.1093421e+00   3.3664732e+00   2.8423917e+00   2.3540986e+00   1.9477834e+00   1.3837082e+00   1.0365217e+00   1.0168716e+00   1.5561416e+00
   1.3698798e+00   1.4101316e+00   1.8672457e+00   2.3297668e+00   2.7429509e+00   2.7137756e+00   2.3277283e+00   2.0254188e+00   2.0120099e+00   2.0429652e+00   2.2272902e+00   2.4156256e+00
   2.2926910e+00   2.2705562e+00   2.5644505e+00   2.8556952e+00   3.1258788e+00   3.1604939e+00   2.8574255e+00   2.2142363e+00   1.5569272e+00   1.3164059e+00   1.5577974e+00   1.6978424e+00
   1.7847363e+00   1.6505504e+00   1.8821927e+00   2.2831976e+00   2.5805113e+00   2.4127533e+00   2.0648379e+00   1.7810414e+00   1.2745950e+00   1.2424262e+00   1.5182316e+00   1.6426483e+00
   1.6008074e+00   1.7335316e+00   2.1178215e+00   2.3854184e+00   2.5536025e+00   2.4528494e+00   1.8198709e+00   1.6147633e+00   1.4573828e+00   1.2235092e+00   1.1737816e+00   1.3640922e+00
   1.4525850e+00   1.4292227e+00   1.5192970e+00   1.8577727e+00   2.1902661e+00   2.1697044e+00   2.0427594e+00   1.9351490e+00   1.6325712e+00   1.5916617e+00   1.6540418e+00   1.8233809e+00
   2.3636639e+00   2.3558025e+00   2.4155848e+00   2.8526895e+00   3.4353852e+00   3.5199332e+00   3.0062554e+00   2.3295140e+00   2.0108378e+00   1.8549827e+00   1.9810352e+00   2.1590517e+00
   2.3234284e+00   2.5204053e+00   2.8241327e+00   3.1254673e+00   3.2782204e+00   2.9582524e+00   2.4836895e+00   1.9013453e+00   1.7247808e+00   1.7123872e+00   1.6910191e+00   2.1647067e+00
   1.8398274e+00   1.9579293e+00   2.2206163e+00   2.3000681e+00   2.4282806e+00   2.4922557e+00   2.4844606e+00   2.0146446e+00   1.6312652e+00   1.6880350e+00   1.7885616e+00   1.9778399e+00
   1.6500120e+00   1.6438829e+00   1.9050373e+00   2.4642403e+00   2.7721498e+00   2.6174765e+00   2.4220581e+00   1.9911426e+00   1.5344051e+00   1.4313574e+00   1.2592448e+00   1.7918353e+00
   2.2386141e+00   2.1118424e+00   1.5190836e+00   1.7577336e+00   2.0045383e+00   2.2089341e+00   2.1023333e+00   1.8667294e+00   1.6981217e+00   1.5527446e+00   1.5248096e+00   1.5871609e+00
   1.3914757e+00   1.3262689e+00   1.5452669e+00   2.0079663e+00   2.2369556e+00   1.9440576e+00   1.8508167e+00   1.7649070e+00   1.6437248e+00   1.5491121e+00   1.6032780e+00   1.6719285e+00
   1.6795646e+00   1.9184897e+00   2.4597545e+00   2.8932705e+00   3.2111094e+00   3.0277643e+00   2.5999067e+00   2.1718919e+00   1.6415440e+00   1.4329513e+00   1.3492243e+00   1.3537951e+00
   1.5038877e+00   1.4989343e+00   1.7329084e+00   2.3629432e+00   2.9989300e+00   3.0264494e+00   2.5210495e+00   2.1794076e+00   1.9471527e+00   1.8735666e+00   1.8252426e+00   1.8716577e+00
   1.8922044e+00   1.8009353e+00   2.1517529e+00   2.4909816e+00   2.7781918e+00   2.6868293e+00   2.2086220e+00   1.7543293e+00   1.5336928e+00   1.4224375e+00   1.3552526e+00   1.6043621e+00
   1.7578126e+00   1.5636250e+00   1.9375583e+00   2.9012318e+00   3.0394299e+00   2.8394001e+00   1.8714020e+00   1.4516673e+00   1.3334992e+00   1.1982508e+00   1.1258129e+00   1.0438516e+00
   1.3049923e+00   1.6189187e+00   2.0248315e+00   2.4988234e+00   2.7786832e+00   2.8539927e+00   2.7404139e+00   2.5008376e+00   2.2822285e+00   2.0680864e+00   2.0086029e+00   2.2419441e+00
   2.0337379e+00   2.1085606e+00   2.4807186e+00   2.8815408e+00   3.2239790e+00   3.2317157e+00   2.8581676e+00   2.2198083e+00   2.0697763e+00   2.1129110e+00   2.0197656e+00   2.1745009e+00
   2.2712982e+00   2.1179776e+00   2.4005258e+00   2.7962511e+00   3.0481653e+00   3.1063607e+00   2.5761597e+00   2.1774645e+00   1.7548847e+00   1.7425703e+00   1.9002590e+00   2.0465701e+00
   2.0726938e+00   2.0622947e+00   2.2943385e+00   2.7090213e+00   2.9386306e+00   2.8420479e+00   2.1387656e+00   1.5605953e+00   1.4722571e+00   1.5514708e+00   1.6690351e+00   1.6422940e+00
   1.5246201e+00   1.5688387e+00   1.7844112e+00   2.2104685e+00   2.5225756e+00   2.5583744e+00   1.9862963e+00   1.5620449e+00   1.2041818e+00   1.1678443e+00   1.0330687e+00   1.2420709e+00
   1.5807762e+00   1.8599496e+00   2.4426496e+00   2.7723744e+00   2.8846033e+00   2.9118180e+00   2.5292995e+00   1.8613113e+00   1.6821290e+00   1.5997351e+00   1.4456660e+00   1.3493884e+00
   1.3422288e+00   1.6341794e+00   2.0226076e+00   2.5424397e+00   2.6949294e+00   2.4717495e+00   2.3063328e+00   1.7750478e+00   1.4620768e+00   1.2979697e+00   1.3968524e+00   1.5958456e+00
   1.4086943e+00   1.3980198e+00   1.8725317e+00   2.0863173e+00   2.2056758e+00   2.5116756e+00   2.2825685e+00   2.0446396e+00   1.8873867e+00   1.8287240e+00   1.8494446e+00   1.9646236e+00
   2.0613925e+00   2.4280531e+00   3.0304205e+00   3.6184604e+00   3.6692512e+00   3.2666669e+00   2.4719901e+00   1.9507320e+00   1.6299248e+00   1.3627774e+00   1.4584968e+00   1.4752033e+00
   1.6395404e+00   2.1524661e+00   2.8563025e+00   3.5192161e+00   3.7440772e+00   3.5055473e+00   2.7966607e+00   2.5025635e+00   2.3288424e+00   2.3053088e+00   2.4851246e+00   2.4064233e+00
   2.4818935e+00   2.6706717e+00   3.3222287e+00   3.8417139e+00   4.1299877e+00   3.8665719e+00   3.2054787e+00   2.5237441e+00   2.1931925e+00   2.1351480e+00   1.9928166e+00   1.8498280e+00
