   8.4430039e-01   7.5756907e-01   7.9662895e-01   9.3029588e-01   1.0307212e+00   9.1683161e-01   8.4553230e-01   8.1717563e-01   8.2519239e-01   7.9989743e-01   8.4778738e-01   8.2519662e-01
   7.5704604e-01   7.5342774e-01   8.6436379e-01   9.6122289e-01   9.2974222e-01   8.3170980e-01   7.9976243e-01   8.0159712e-01   7.6034254e-01   7.8789335e-01   8.4203124e-01   8.4549063e-01
   8.7077630e-01   8.9941156e-01   9.6310431e-01   1.1178863e+00   1.1828145e+00   1.0738257e+00   8.9759141e-01   8.1621599e-01   8.3659911e-01   8.4647936e-01   8.9589274e-01   9.0299940e-01
   7.8660256e-01   6.8105054e-01   7.0912611e-01   8.6236191e-01   1.0063133e+00   9.4804841e-01   8.9284235e-01   8.6797392e-01   8.2698649e-01   8.9806849e-01   9.5349431e-01   9.5627886e-01
   8.9490676e-01   8.5742295e-01   9.0414649e-01   9.6897811e-01   9.6837610e-01   1.0229126e+00   9.7800916e-01   8.8307935e-01   8.1508332e-01   8.6210912e-01   9.3212736e-01   1.0476564e+00
   8.7857419e-01   8.1541425e-01   8.5585618e-01   9.7601652e-01   9.9669433e-01   1.0139058e+00   9.7659111e-01   9.2941535e-01   8.0515450e-01   8.0474192e-01   8.7472457e-01   8.8203126e-01
   7.7181631e-01   6.8035281e-01   7.4251825e-01   8.2027316e-01   6.9335628e-01   5.4101771e-01   5.9932649e-01   7.0685631e-01   6.6472697e-01   6.8683672e-01   9.3996596e-01   1.0152806e+00
   4.1768944e-01   2.9568088e-01   4.5743245e-01   5.2025121e-01   5.8692783e-01   6.6162944e-01   7.7728653e-01   7.5836444e-01   7.2927988e-01   7.7097148e-01   9.0178186e-01   9.5943010e-01
   8.3838052e-01   9.2449319e-01   1.0101957e+00   1.0433671e+00   9.7069705e-01   8.9549637e-01   8.1895584e-01   7.9511148e-01   8.8113862e-01   9.3338066e-01   9.6939898e-01   9.9053520e-01
   8.8615435e-01   9.5004851e-01   8.3022171e-01   8.2137942e-01   8.6948317e-01   8.0563051e-01   7.9929113e-01   8.1983328e-01   8.8157469e-01   9.6687281e-01   1.0191338e+00   9.8453921e-01
   8.7908226e-01   8.7135458e-01   8.2786936e-01   6.7339218e-01   6.9535428e-01   8.3722597e-01   8.3684206e-01   7.1938950e-01   8.3175790e-01   9.2173356e-01   9.7181565e-01   9.6232712e-01
   8.7743431e-01   8.5916412e-01   9.6420860e-01   1.1003765e+00   1.0379012e+00   9.0969682e-01   8.9389014e-01   8.0619299e-01   8.3725029e-01   9.3391037e-01   9.8084885e-01   9.1747582e-01
   9.8521006e-01   9.1534060e-01   8.8778186e-01   9.3075538e-01   8.7979025e-01   7.9484159e-01   8.4845930e-01   7.8993416e-01   8.1264830e-01   8.5872132e-01   8.6747098e-01   8.6005294e-01
   8.6318076e-01   8.2375228e-01   8.2310027e-01   9.3235040e-01   7.6331466e-01   7.9197228e-01   7.5000763e-01   6.9377732e-01   6.1691457e-01   7.3425311e-01   6.6477549e-01   6.1702317e-01
   5.2349353e-01   6.5381706e-01   7.7811450e-01   1.0401462e+00   1.0516890e+00   7.0990598e-01   7.0854324e-01   7.5244963e-01   7.6622099e-01   7.3940414e-01   7.8327388e-01   6.6878802e-01
   5.7584375e-01   7.0559371e-01   8.6638612e-01   8.2586616e-01   7.1502382e-01   8.3357620e-01   8.3433777e-01   8.1028938e-01   8.0811590e-01   8.5888743e-01   9.1920030e-01   8.8995361e-01
   8.8230842e-01   9.5251620e-01   1.0506936e+00   1.1596780e+00   1.2101134e+00   1.0663987e+00   7.6366889e-01   8.3191454e-01   8.4108764e-01   9.2693686e-01   9.0035677e-01   8.0774194e-01
   6.9577157e-01   7.8633773e-01   8.9089876e-01   8.6785865e-01   8.3631766e-01   9.3884736e-01   8.9118880e-01   7.8648371e-01   7.5901067e-01   8.0528826e-01   1.1186249e+00   1.2821921e+00
   6.9724220e-01   7.2348702e-01   6.3056719e-01   7.2012544e-01   5.8324629e-01   3.7351313e-01   5.1766580e-01   6.9339228e-01   7.8134912e-01   8.3927816e-01   8.9492744e-01   9.0919715e-01
   9.2381805e-01   1.0485257e+00   1.2030253e+00   1.1463908e+00   1.1359203e+00   1.0168884e+00   8.4247774e-01   8.1049639e-01   8.2763648e-01   9.4955873e-01   1.0484067e+00   9.6011841e-01
   8.1556112e-01   8.0265677e-01   9.4048280e-01   9.2406714e-01   7.8281474e-01   6.8234324e-01   6.9816077e-01   6.2395644e-01   6.0292840e-01   6.7495245e-01   7.5906867e-01   8.3164907e-01
   8.7490761e-01   8.2865411e-01   7.9583192e-01   8.0185205e-01   9.3468904e-01   9.6563423e-01   7.9720747e-01   7.8876114e-01   7.4259794e-01   8.4269691e-01   8.9074194e-01   9.5622915e-01
   8.1760246e-01   8.0071366e-01   8.9721900e-01   9.5972043e-01   1.0126992e+00   9.2736572e-01   8.8821787e-01   8.1905997e-01   8.2204592e-01   9.2621040e-01   9.8429894e-01   9.7016335e-01
   9.4164157e-01   9.9837172e-01   1.1020626e+00   1.2090250e+00   1.2745872e+00   1.0763530e+00   9.1532654e-01   8.3647710e-01   8.0398965e-01   8.3592474e-01   9.3487513e-01   9.9100381e-01
   8.4947813e-01   8.7056702e-01   1.0160826e+00   1.1149526e+00   1.1295595e+00   9.6067488e-01   8.9150858e-01   8.7481207e-01   8.4012735e-01   8.2423270e-01   8.4208792e-01   8.1423974e-01
   7.9123664e-01   8.7641901e-01   1.0507051e+00   1.2792736e+00   1.2978936e+00   9.7602427e-01   8.0359888e-01   7.2194779e-01   7.2526848e-01   7.0311046e-01   7.7012986e-01   8.1899053e-01
   9.0564191e-01   6.9988561e-01   6.6554147e-01   7.2084719e-01   7.5932151e-01   8.0307561e-01   8.8588005e-01   9.0814483e-01   8.4545320e-01   8.4907186e-01   9.0831321e-01   9.0071017e-01
   8.6305308e-01   9.6790618e-01   9.9923551e-01   1.1109179e+00   1.2100044e+00   9.8295379e-01   8.1982672e-01   7.8394109e-01   7.7016401e-01   8.1186831e-01   8.8236666e-01   9.2865020e-01
   8.4217978e-01   8.9807069e-01   1.0167716e+00   1.2083313e+00   1.3024738e+00   1.0533651e+00   8.7284088e-01   8.2652926e-01   8.2975054e-01   7.5941640e-01   7.9431748e-01   8.7920541e-01
   7.1133584e-01   6.3672906e-01   6.3136190e-01   6.4308417e-01   6.6318041e-01   7.0870227e-01   7.6750684e-01   7.6374787e-01   7.1240568e-01   7.1746045e-01   8.0033827e-01   8.6958194e-01
   9.0785766e-01   7.2453684e-01   6.2242991e-01   7.8520846e-01   9.3305308e-01   9.5244879e-01   9.2425835e-01   8.4144759e-01   8.2684058e-01   8.0286568e-01   8.2188517e-01   7.7627409e-01
   8.6006683e-01   9.1342109e-01   1.0107425e+00   1.0119367e+00   1.2966380e+00   9.3232417e-01   6.2573874e-01   5.7636601e-01   5.4122418e-01   7.0096999e-01   9.1956162e-01   7.4178261e-01
   5.1200163e-01   4.9160838e-01   6.4726770e-01   5.5310440e-01   3.2834637e-01   3.2472587e-01   6.0071445e-01   7.7485472e-01   8.1230569e-01   7.9769868e-01   8.2208610e-01   8.4138399e-01
   8.6018670e-01   9.0572965e-01   9.8113883e-01   1.0620708e+00   1.0841910e+00   8.0682921e-01   7.2574961e-01   7.4915045e-01   7.1820205e-01   7.5181633e-01   7.4431664e-01   7.5724363e-01
   6.6472143e-01   8.2288653e-01   1.0856973e+00   5.6666750e-01   5.2165240e-01   5.4122353e-01   5.3573972e-01   6.7299378e-01   6.8420303e-01   7.2867101e-01   7.9704309e-01   7.2607321e-01
   6.0928828e-01   5.2562296e-01   6.2078226e-01   8.4502012e-01   9.4541299e-01   7.9522842e-01   7.0501119e-01   7.6537347e-01   7.5183630e-01   7.7291077e-01   8.2626891e-01   8.9071810e-01
   8.9950967e-01   9.1806334e-01   9.1007078e-01   9.5706308e-01   9.7366625e-01   8.7238050e-01   7.3312306e-01   6.2557101e-01   6.3187182e-01   6.6223800e-01   7.2182381e-01   7.1409339e-01
   6.9676322e-01   7.7377456e-01   8.2488763e-01   9.6548182e-01   1.0344496e+00   9.4664556e-01   7.4461138e-01   6.1764085e-01   5.9697098e-01   6.7773294e-01   7.6234061e-01   8.0669630e-01
   8.1664115e-01   8.6117339e-01   9.2089242e-01   1.0230519e+00   1.1210678e+00   9.7477669e-01   7.0633268e-01   6.6199827e-01   6.6372895e-01   7.4940419e-01   9.1480589e-01   9.1548890e-01
   8.8810617e-01   8.5798597e-01   1.0030953e+00   1.1902745e+00   1.2973790e+00   1.1805086e+00   9.6528709e-01   8.1890464e-01   7.1715426e-01   8.0602956e-01   8.9983100e-01   8.9829808e-01
   8.9143556e-01   8.5439032e-01   9.2833960e-01   9.7354180e-01   9.9187607e-01   9.4263041e-01   8.4174508e-01   7.9445976e-01   7.2233564e-01   7.0504642e-01   8.0118662e-01   8.3900124e-01
   7.5045693e-01   7.9014975e-01   7.5691712e-01   7.3578435e-01   7.8993911e-01   7.4938142e-01   6.3648218e-01   7.5444639e-01   8.2227987e-01   9.1940933e-01   9.5469046e-01   8.3737665e-01
   7.8026003e-01   8.5900450e-01   9.2201883e-01   9.4313776e-01   1.0027627e+00   1.0094067e+00   8.0419141e-01   7.2282171e-01   7.3969895e-01   7.0393026e-01   7.5908613e-01   8.1839353e-01
   7.1996045e-01   6.7573386e-01   7.8225172e-01   8.5385442e-01   8.4114122e-01   8.0353111e-01   7.0896113e-01   6.7127931e-01   6.8823087e-01   7.2870559e-01   7.6550186e-01   7.9530764e-01
   8.6926138e-01   9.2008042e-01   9.3719190e-01   8.6433101e-01   9.2358869e-01   8.6699915e-01   7.1094269e-01   6.3859719e-01   6.5566802e-01   7.4087900e-01   8.5850471e-01   8.4126467e-01
   8.1945145e-01   8.1952506e-01   8.9926982e-01   9.8817259e-01   1.0464718e+00   8.6519241e-01   6.2341398e-01   5.1971298e-01   5.9774762e-01   7.3211807e-01   8.4848756e-01   8.7381804e-01
   9.2621148e-01   9.9071330e-01   9.8499876e-01   1.0412316e+00   1.0752865e+00   9.2643321e-01   7.8675973e-01   7.4936175e-01   6.5205091e-01   7.1757907e-01   8.6098361e-01   9.4663292e-01
   9.5868391e-01   9.7776228e-01   1.1425178e+00   1.3482835e+00   1.0409447e+00   6.6901261e-01   6.6569084e-01   5.6793112e-01   4.6312642e-01   5.8887225e-01   7.3341537e-01   7.9309291e-01
   7.8909791e-01   9.7454238e-01   7.7004564e-01   6.8478608e-01   5.8541662e-01   4.0308335e-01   5.0161231e-01   7.0005780e-01   7.5130659e-01   7.4323392e-01   8.3545804e-01   8.8166434e-01
   8.4677291e-01   8.4732294e-01   9.3278348e-01   9.7160262e-01   9.0779024e-01   8.5965681e-01   7.5038791e-01   6.9080460e-01   6.6991210e-01   6.8518823e-01   7.5863570e-01   7.8411651e-01
   7.3038846e-01   7.9370654e-01   8.9492899e-01   1.0865734e+00   1.2224063e+00   1.0143819e+00   8.6670434e-01   7.8815705e-01   7.0051932e-01   7.5531912e-01   8.2517356e-01   8.4385473e-01
   7.7118272e-01   8.0233490e-01   9.6512306e-01   1.1686083e+00   1.2621918e+00   1.1900344e+00   9.5585501e-01   7.5931799e-01   6.9770956e-01   7.1993774e-01   7.6654398e-01   8.2490432e-01
   7.4341685e-01   8.9847016e-01   1.1007727e+00   1.2462192e+00   1.1874878e+00   9.3362540e-01   7.2457236e-01   7.4652398e-01   7.4719828e-01   7.6257300e-01   7.8227043e-01   7.1838164e-01
   6.3102931e-01   6.6589355e-01   7.2348464e-01   8.6051512e-01   1.0072960e+00   1.0013541e+00   9.3149298e-01   8.5813498e-01   7.8261101e-01   8.8657057e-01   9.8558867e-01   9.5413393e-01
   9.5192802e-01   8.9631391e-01   9.9953532e-01   1.1948751e+00   1.2869269e+00   1.0944302e+00   9.3885314e-01   8.8392395e-01   7.8675765e-01   7.9228091e-01   8.2361245e-01   7.9901904e-01
   8.1817049e-01   8.0807036e-01   9.0430713e-01   1.0027122e+00   1.0350360e+00   1.0018810e+00   1.0033405e+00   9.2474741e-01   7.9077959e-01   8.2279611e-01   9.5023513e-01   9.5990133e-01
   9.3028986e-01   1.0165046e+00   1.1360539e+00   1.1509995e+00   1.1567880e+00   1.0821974e+00   9.1825289e-01   7.6824594e-01   7.4473703e-01   7.9470831e-01   8.3915842e-01   8.8052440e-01
   8.5105467e-01   8.5299468e-01   8.3229262e-01   9.2137176e-01   1.0915908e+00   1.0819443e+00   9.1401064e-01   8.3239305e-01   7.6450914e-01   8.0784887e-01   9.2385024e-01   9.7596198e-01
   7.9587328e-01   7.8115183e-01   9.2723727e-01   1.0895728e+00   1.1917042e+00   1.1095349e+00   1.0176395e+00   9.6365011e-01   8.9147598e-01   8.2482386e-01   8.0820662e-01   7.9749417e-01
   7.8227860e-01   7.9240388e-01   7.8506553e-01   8.4321046e-01   9.3263656e-01   8.9052147e-01   8.0788583e-01   7.6883334e-01   7.9622179e-01   7.9064959e-01   7.5898474e-01   7.1325868e-01
   6.9285411e-01   6.8421263e-01   7.7673483e-01   7.8847879e-01   8.2219535e-01   8.3310294e-01   8.6432427e-01   7.9868525e-01   7.2354972e-01   7.5821936e-01   8.5994738e-01   8.7804437e-01
   8.8615012e-01   9.6476191e-01   1.0928273e+00   1.1610245e+00   1.1849018e+00   9.5907432e-01   8.2061994e-01   8.0025023e-01   7.3170793e-01   7.5118047e-01   8.4618115e-01   8.8487005e-01
   9.2559344e-01   9.6784204e-01   9.8608243e-01   1.0837729e+00   1.1183056e+00   1.0022155e+00   8.2208395e-01   7.9272765e-01   7.5796229e-01   7.9987305e-01   8.9157563e-01   9.2419291e-01
   8.6993819e-01   9.3058962e-01   1.0571444e+00   1.2495716e+00   1.3906548e+00   1.2852937e+00   1.0265461e+00   8.4441966e-01   7.6840729e-01   8.6774939e-01   9.1450834e-01   9.5666856e-01
   9.3390304e-01   8.4669334e-01   8.6051446e-01   1.0077331e+00   1.2244763e+00   1.1634732e+00   9.4511437e-01   8.5957646e-01   8.4989983e-01   8.0731231e-01   8.8167840e-01   9.0640676e-01
   8.2227397e-01   8.2114798e-01   9.1673553e-01   1.0118546e+00   1.1245792e+00   1.0674502e+00   9.4589263e-01   8.6202449e-01   7.7492213e-01   7.8834510e-01   8.2766080e-01   8.8135338e-01
   7.4974149e-01   7.4473208e-01   8.5857338e-01   9.9400055e-01   1.0109942e+00   9.6387309e-01   9.7182143e-01   9.2828757e-01   8.3457857e-01   8.2679832e-01   8.9233786e-01   9.0543336e-01
   8.4001541e-01   8.2369649e-01   8.0149233e-01   9.6380043e-01   1.1049668e+00   1.0767946e+00   9.2315292e-01   8.1447446e-01   7.7524847e-01   8.4816343e-01   9.5464808e-01   9.7121078e-01
   9.3315697e-01   9.5747763e-01   1.0611007e+00   1.1938267e+00   1.2278483e+00   1.1226707e+00   9.1003036e-01   8.2978302e-01   8.4219450e-01   8.8394159e-01   9.3248701e-01   9.0914679e-01
   9.0840775e-01   8.4856135e-01   9.5607138e-01   1.0841174e+00   1.0251603e+00   9.4551742e-01   8.7764883e-01   7.9211909e-01   7.2828776e-01   7.9583687e-01   8.4859240e-01   8.2065362e-01
   8.4898776e-01   6.9602007e-01   8.2134920e-01   1.0371110e+00   1.1287380e+00   1.0241086e+00   8.9794332e-01   7.9344362e-01   7.6466471e-01   7.6794887e-01   8.0185181e-01   6.6692388e-01
   6.6434366e-01   7.3302931e-01   8.4531856e-01   8.5418111e-01   8.8285333e-01   8.5989547e-01   9.0511441e-01   9.1839498e-01   7.5657129e-01   7.3938853e-01   8.4668237e-01   8.2714063e-01
   6.3077486e-01   6.6461623e-01   7.8174806e-01   1.0012445e+00   1.1725627e+00   1.1145855e+00   8.4380150e-01   6.9447821e-01   6.1545897e-01   6.2439364e-01   6.6189241e-01   7.0752382e-01
   7.4378639e-01   7.7592307e-01   7.7864784e-01   8.8822800e-01   1.1353199e+00   1.1431576e+00   8.9677012e-01   7.8120077e-01   7.5914580e-01   7.2615111e-01   7.2578692e-01   7.0340371e-01
   6.6106576e-01   6.9961900e-01   8.4759039e-01   1.1570640e+00   1.4270389e+00   1.2276255e+00   9.2277795e-01   8.3779085e-01   7.5372678e-01   7.7153563e-01   8.0077481e-01   8.6403221e-01
   8.2642257e-01   7.8256905e-01   8.5522521e-01   1.0582814e+00   1.1761936e+00   9.9062997e-01   7.6424861e-01   6.3934690e-01   5.3851449e-01   6.4911246e-01   8.0446345e-01   8.2955575e-01
   8.4419066e-01   8.0778974e-01   7.5442255e-01   9.2998201e-01   1.0862434e+00   9.8615181e-01   8.5131752e-01   8.5270292e-01   7.5403810e-01   6.8138623e-01   8.6228961e-01   9.9391192e-01
   8.9391321e-01   8.4673858e-01   8.0517745e-01   9.3682319e-01   1.0796107e+00   1.0256263e+00   8.6233908e-01   7.3064452e-01   6.6611755e-01   7.2145027e-01   8.1552064e-01   9.1608888e-01
   8.2690728e-01   6.3074780e-01   6.6079086e-01   8.2581824e-01   1.0040126e+00   1.1146547e+00   1.0767937e+00   9.2777789e-01   8.8805789e-01   8.5073143e-01   8.3582598e-01   8.5247439e-01
   8.5542458e-01   8.5487777e-01   9.1176486e-01   1.0281606e+00   1.1152626e+00   1.0599618e+00   8.6781859e-01   7.5953454e-01   7.4148005e-01   8.2121503e-01   9.1175574e-01   8.7944406e-01
   8.3467424e-01   8.5231555e-01   9.9431765e-01   1.2152427e+00   1.2806114e+00   1.1314038e+00   1.0146210e+00   9.0772963e-01   8.0776632e-01   7.9265738e-01   8.0014890e-01   8.0900544e-01
   8.3464289e-01   8.5629237e-01   8.7891006e-01   1.0038875e+00   1.1163563e+00   1.1808826e+00   1.1568409e+00   1.0857049e+00   1.0255480e+00   9.3882102e-01   8.6358434e-01   8.6583716e-01
   9.7398162e-01   8.6315298e-01   8.8061607e-01   9.7821289e-01   1.0857301e+00   1.0936923e+00   9.4492906e-01   8.8694352e-01   8.6832404e-01   8.4112477e-01   8.0751824e-01   8.5090292e-01
   9.0112001e-01   8.0265844e-01   9.3735659e-01   1.0728015e+00   1.0408181e+00   1.0415034e+00   1.0153822e+00   9.3946427e-01   8.9182818e-01   8.9878201e-01   9.5002860e-01   9.4555020e-01
   8.9759451e-01   8.5259992e-01   8.0145925e-01   1.0161990e+00   1.1276731e+00   1.1388432e+00   1.1007719e+00   1.0062754e+00   9.2407387e-01   8.7341553e-01   9.0500569e-01   9.4667679e-01
   9.9134046e-01   9.8814893e-01   1.0871754e+00   1.1985720e+00   1.1183429e+00   1.1035986e+00   1.1230541e+00   1.0573863e+00   9.3051118e-01   9.3404800e-01   9.4483948e-01   9.9356741e-01
   9.0567827e-01   9.6103394e-01   1.0228695e+00   1.1428733e+00   1.3015544e+00   1.3159463e+00   1.0649052e+00   9.7433782e-01   8.9093643e-01   8.5378218e-01   8.3813864e-01   1.0976020e+00
   8.2148987e-01   7.9041398e-01   7.3244560e-01   8.6845011e-01   1.0691228e+00   1.1770103e+00   1.1690503e+00   1.0811616e+00   9.2739749e-01   9.1578174e-01   9.6003807e-01   1.0242585e+00
   9.4635582e-01   8.3230329e-01   8.3296263e-01   8.8473856e-01   1.0293316e+00   1.0911306e+00   1.0590391e+00   1.0317138e+00   9.9379271e-01   9.1707659e-01   8.7562293e-01   8.7518191e-01
   8.9850771e-01   9.2608422e-01   1.0163332e+00   1.2146777e+00   1.3404889e+00   1.2297766e+00   1.1272026e+00   9.9797034e-01   9.0590852e-01   9.1052294e-01   9.3057823e-01   8.9275861e-01
   8.6886686e-01   9.2007375e-01   9.4111514e-01   1.1076865e+00   1.1571689e+00   1.1352134e+00   1.1436194e+00   9.3754572e-01   7.5921708e-01   7.3784494e-01   8.1528687e-01   8.4634155e-01
   7.9272413e-01   8.3758044e-01   1.1077793e+00   1.2312407e+00   1.2626513e+00   1.2700336e+00   1.1791198e+00   1.0689412e+00   9.4049072e-01   8.3339942e-01   8.5931319e-01   9.1701752e-01
   8.9241010e-01   8.9762694e-01   1.0488495e+00   1.2530639e+00   1.3300433e+00   1.2604896e+00   1.1710882e+00   9.4644547e-01   8.1582278e-01   8.7284273e-01   8.9297456e-01   8.2211894e-01
   7.9862314e-01   8.6591935e-01   8.9387822e-01   1.0314919e+00   1.0951285e+00   1.1778697e+00   1.1492674e+00   1.0564613e+00   9.1902733e-01   8.9096963e-01   9.3550086e-01   9.9001372e-01
   1.0150932e+00   1.0244923e+00   1.0664833e+00   1.1706529e+00   1.2515621e+00   1.2537099e+00   1.1745481e+00   1.1293142e+00   9.8380637e-01   8.3794516e-01   7.2885185e-01   7.5835204e-01
   7.4052054e-01   7.6329064e-01   8.3661592e-01   9.9692202e-01   1.1408463e+00   1.1708283e+00   1.0497421e+00   8.9822555e-01   8.9575267e-01   8.7158102e-01   8.8322341e-01   8.7420595e-01
   7.8431976e-01   9.1235107e-01   1.1202234e+00   1.2589060e+00   1.3349144e+00   1.2392193e+00   1.1814801e+00   1.0592372e+00   9.4579720e-01   8.7631363e-01   8.8783675e-01   9.1845918e-01
   8.4726530e-01   8.0766851e-01   9.1423523e-01   1.0776987e+00   1.2196307e+00   1.2299268e+00   1.1369092e+00   1.0254912e+00   9.6154779e-01   9.4064325e-01   9.3332100e-01   9.3523866e-01
   8.9478636e-01   8.6456734e-01   9.2438036e-01   9.5499200e-01   1.0091821e+00   1.0091823e+00   1.0688591e+00   1.0731066e+00   9.9388635e-01   8.9239150e-01   8.9879310e-01   9.1192597e-01
   9.3950647e-01   9.5237601e-01   1.0299141e+00   1.1758080e+00   1.1603605e+00   1.1887975e+00   1.2463006e+00   1.1721175e+00   1.0299460e+00   9.3923706e-01   9.6698159e-01   9.9194300e-01
   1.0272398e+00   1.0378498e+00   1.0433766e+00   1.1456413e+00   1.2453266e+00   1.1909379e+00   1.0151328e+00   1.0200207e+00   9.1551232e-01   9.5093054e-01   9.8703980e-01   1.0322282e+00
   1.0365920e+00   1.0636051e+00   1.1007295e+00   1.2316909e+00   1.3631668e+00   1.2622249e+00   1.0105041e+00   9.9068666e-01   9.5840186e-01   9.0763074e-01   8.9085966e-01   7.8926736e-01
   8.1600189e-01   8.7242210e-01   9.2812693e-01   1.0292568e+00   1.1964142e+00   1.2593660e+00   1.1885771e+00   1.1379858e+00   1.0667942e+00   1.0198356e+00   9.9514985e-01   9.2614692e-01
   8.5456270e-01   9.5895213e-01   1.1680992e+00   1.3233474e+00   1.3045530e+00   1.1890355e+00   1.0765412e+00   9.5780694e-01   9.6839738e-01   9.7536010e-01   1.0662268e+00   1.0765768e+00
   1.0426124e+00   1.0268383e+00   1.0439531e+00   1.1692176e+00   1.2868561e+00   1.3220756e+00   1.1827176e+00   1.1054953e+00   9.9589258e-01   9.2565626e-01   1.0007080e+00   1.0593263e+00
   1.0907649e+00   1.1619124e+00   1.2513636e+00   1.3128922e+00   1.3378143e+00   1.2595235e+00   1.1196179e+00   9.3864650e-01   8.4585631e-01   8.0779600e-01   8.0543172e-01   8.7339640e-01
   9.5110977e-01   9.8302531e-01   1.0714142e+00   1.2918941e+00   1.3887219e+00   1.3782706e+00   1.2292892e+00   1.1020497e+00   1.0175956e+00   9.7048688e-01   9.2150462e-01   9.0522873e-01
   8.3951241e-01   7.8994387e-01   8.8898188e-01   1.0370727e+00   1.1393088e+00   1.1720966e+00   1.1340142e+00   1.0414127e+00   9.5836180e-01   8.7762886e-01   8.6577994e-01   9.1003507e-01
   8.7004417e-01   8.3962607e-01   8.1652761e-01   8.7296319e-01   1.0403243e+00   1.1908625e+00   1.1483374e+00   1.0957482e+00   1.0214148e+00   9.4393766e-01   9.9102300e-01   9.7749293e-01
   8.9443135e-01   8.5569841e-01   8.6823356e-01   1.1709920e+00   1.4716727e+00   1.3484886e+00   1.1338447e+00   1.0661168e+00   9.6366155e-01   9.1606545e-01   8.1883031e-01   8.2365549e-01
   8.5269743e-01   8.9506042e-01   1.0209180e+00   1.1383153e+00   1.1373738e+00   1.1002967e+00   1.1222011e+00   1.0200247e+00   9.4138986e-01   8.8508242e-01   9.5384806e-01   1.0093250e+00
   1.0807524e+00   1.0469083e+00   1.1476461e+00   1.3009735e+00   1.3725464e+00   1.2829384e+00   1.1105622e+00   9.7510439e-01   8.4126878e-01   7.3058134e-01   6.7432284e-01   8.2992715e-01
   6.9558382e-01   6.4423662e-01   7.1244460e-01   8.1614166e-01   9.8020995e-01   1.1011680e+00   1.0086451e+00   8.8021713e-01   8.1172979e-01   7.6563728e-01   7.9920667e-01   8.7110770e-01
   9.6433538e-01   9.8326457e-01   1.0687137e+00   1.1464161e+00   1.2576336e+00   1.2837873e+00   1.1899788e+00   1.0616339e+00   8.8625306e-01   8.0049109e-01   8.2350004e-01   8.2489419e-01
   8.4076685e-01   8.8854527e-01   9.3518913e-01   1.1365385e+00   1.2002311e+00   1.1561128e+00   1.0604662e+00   9.9845827e-01   7.9796827e-01   7.3635983e-01   8.1274247e-01   8.4860969e-01
   8.5709304e-01   8.4721845e-01   9.6376520e-01   1.1221696e+00   1.2773885e+00   1.2456043e+00   1.0211759e+00   9.0177518e-01   8.0866647e-01   6.6512716e-01   5.7329154e-01   5.8212757e-01
   7.0099950e-01   6.7850745e-01   7.0701706e-01   8.2733840e-01   8.9332145e-01   8.7389326e-01   7.3018289e-01   7.1563309e-01   6.3852257e-01   6.4009178e-01   6.8270093e-01   7.1824747e-01
   8.4048533e-01   8.9737433e-01   9.2327863e-01   1.0350451e+00   1.2189592e+00   1.3127421e+00   1.2235011e+00   1.0237818e+00   8.9009225e-01   7.5427300e-01   7.5807381e-01   8.3150178e-01
   9.6683717e-01   1.0791599e+00   1.1950868e+00   1.3132993e+00   1.3486488e+00   1.3383653e+00   1.1913996e+00   9.6452951e-01   8.4062493e-01   8.4077698e-01   8.5788816e-01   9.7032332e-01
   9.6534479e-01   9.9065816e-01   1.0999557e+00   1.1061351e+00   1.1475928e+00   1.1295772e+00   1.1138344e+00   9.9716705e-01   8.3608305e-01   7.9068291e-01   8.1232572e-01   8.7064546e-01
   8.4091848e-01   8.1586015e-01   8.8960493e-01   1.0991721e+00   1.2191424e+00   1.1722134e+00   1.1213894e+00   1.0316207e+00   8.4404784e-01   7.7528071e-01   6.8903357e-01   8.1755453e-01
   9.1384351e-01   9.8465925e-01   8.1317848e-01   8.7547857e-01   9.8592013e-01   1.0382155e+00   9.8263443e-01   8.6036527e-01   7.2322410e-01   6.4507127e-01   6.4162254e-01   7.0437258e-01
   6.9886649e-01   7.0107269e-01   7.9447633e-01   9.5161557e-01   1.0215605e+00   8.8188767e-01   7.9796243e-01   7.2737825e-01   6.5629488e-01   5.9086013e-01   6.3381928e-01   7.0120430e-01
   7.7976114e-01   8.5734713e-01   9.9809319e-01   1.1826607e+00   1.3066471e+00   1.3149009e+00   1.1530341e+00   9.4649255e-01   7.8690553e-01   7.1332479e-01   7.2702390e-01   7.4332207e-01
   8.0205077e-01   7.8972650e-01   8.0162048e-01   9.3112618e-01   1.1489463e+00   1.2243886e+00   1.1153259e+00   1.0200343e+00   9.2816728e-01   8.8800871e-01   9.0580690e-01   9.6077895e-01
   1.0235872e+00   1.0065552e+00   1.0639373e+00   1.1761870e+00   1.2566589e+00   1.2441556e+00   1.0880492e+00   9.0551698e-01   7.8698099e-01   7.8989977e-01   7.8349996e-01   8.9179945e-01
   9.3787307e-01   9.3217117e-01   9.5082510e-01   1.2777516e+00   1.3579226e+00   1.2816004e+00   9.2192739e-01   7.9164213e-01   7.5378847e-01   6.7577380e-01   6.2348485e-01   5.1445407e-01
   5.1969975e-01   5.6263185e-01   6.2856543e-01   7.6799041e-01   9.0394348e-01   9.8678046e-01   9.7182345e-01   8.6974823e-01   8.1605494e-01   7.8155982e-01   8.0851942e-01   8.9889807e-01
   9.6901572e-01   9.6951431e-01   1.1407970e+00   1.2611189e+00   1.3048918e+00   1.3459064e+00   1.2678088e+00   1.0516002e+00   9.7579312e-01   9.9395204e-01   1.0036451e+00   1.0094706e+00
   1.0493319e+00   1.0243763e+00   1.1148335e+00   1.2730556e+00   1.4060221e+00   1.3934960e+00   1.1999388e+00   1.0594549e+00   8.9932513e-01   8.2929987e-01   8.3598298e-01   8.8459677e-01
   9.1844726e-01   9.0738952e-01   9.6339726e-01   1.1595540e+00   1.2901093e+00   1.2968756e+00   1.0714998e+00   8.5814095e-01   7.9528451e-01   7.7954435e-01   8.5629809e-01   8.5090655e-01
   8.4497619e-01   8.0125207e-01   8.6117917e-01   1.0075032e+00   1.0856472e+00   1.0956618e+00   9.5375711e-01   8.3986580e-01   6.7290872e-01   6.3956469e-01   6.4340204e-01   5.8311343e-01
   6.4847273e-01   7.0176041e-01   8.0948377e-01   9.4849074e-01   1.0332330e+00   1.0916711e+00   1.0919014e+00   8.9315844e-01   7.8714371e-01   7.6723599e-01   7.8664696e-01   7.9415774e-01
   7.2663271e-01   7.3187399e-01   8.4079033e-01   1.0618795e+00   1.2075850e+00   1.1326047e+00   1.0479149e+00   9.5017970e-01   7.9581153e-01   7.2992051e-01   7.2814620e-01   7.5440043e-01
   7.2143281e-01   7.4086320e-01   8.7856805e-01   9.4539744e-01   9.9401802e-01   1.0707967e+00   1.0307693e+00   9.0533447e-01   8.0517924e-01   7.8389883e-01   7.6569849e-01   8.0723947e-01
   8.0698693e-01   8.7308383e-01   1.0876759e+00   1.3227681e+00   1.4088103e+00   1.3625176e+00   1.1459527e+00   9.6756417e-01   8.1929070e-01   6.5858561e-01   6.6096258e-01   6.3735509e-01
   5.8429503e-01   6.4877892e-01   8.3218652e-01   1.0801384e+00   1.2701254e+00   1.3038603e+00   1.0706867e+00   9.6248406e-01   8.7409705e-01   8.2964897e-01   9.0192622e-01   9.6363413e-01
   9.3910098e-01   9.8093355e-01   1.1405311e+00   1.3832498e+00   1.5136504e+00   1.5103525e+00   1.3616533e+00   1.1256632e+00   9.4876921e-01   9.6351385e-01   9.6661752e-01   9.4329011e-01
