   1.1813860e+00   1.1214532e+00   1.1186163e+00   1.2120392e+00   1.3966446e+00   1.1551039e+00   1.2405772e+00   1.0869853e+00   1.0602351e+00   1.0756267e+00   1.1449192e+00   1.1680021e+00
   1.0369234e+00   1.0105224e+00   1.2519631e+00   1.4916725e+00   1.4430674e+00   1.0402284e+00   1.1450235e+00   1.0977317e+00   9.5894378e-01   9.5059818e-01   1.1223149e+00   1.2033405e+00
   1.1593397e+00   1.1891007e+00   1.2538365e+00   1.5786108e+00   1.7241664e+00   1.4322965e+00   1.2131218e+00   1.0989169e+00   1.0955011e+00   1.1200974e+00   1.1090995e+00   1.3083489e+00
   1.3414855e+00   1.0558764e+00   1.0086756e+00   1.2384225e+00   1.4256333e+00   1.2106233e+00   1.2731667e+00   1.1509578e+00   1.1604952e+00   1.2345654e+00   1.2072148e+00   1.2300059e+00
   1.2395351e+00   1.3798447e+00   1.2715602e+00   1.4698192e+00   1.1863960e+00   1.4783942e+00   1.3134286e+00   1.1807312e+00   1.2151361e+00   1.1083302e+00   1.3553281e+00   1.6853305e+00
   1.4721336e+00   1.1709732e+00   1.2327754e+00   1.3756841e+00   1.2690581e+00   1.3510311e+00   1.4180204e+00   1.1750897e+00   1.1233464e+00   1.2544709e+00   1.2596147e+00   1.3848997e+00
   1.2811904e+00   1.2100630e+00   1.2859843e+00   1.3609099e+00   1.1374676e+00   8.0821639e-01   8.0984586e-01   1.0445980e+00   9.9063367e-01   1.0553291e+00   1.3036487e+00   1.3277574e+00
   6.9472301e-01   4.4384617e-01   8.7688923e-01   9.4479507e-01   7.7519989e-01   1.0373690e+00   1.0823363e+00   9.9558550e-01   1.0173707e+00   1.0252807e+00   1.1112515e+00   1.3172354e+00
   1.1617197e+00   1.3065373e+00   1.5450438e+00   1.5130163e+00   1.5988566e+00   1.0995960e+00   1.2425392e+00   1.1489713e+00   1.1791264e+00   1.1227086e+00   1.2206073e+00   1.3094016e+00
   1.3126669e+00   1.4371972e+00   1.4123708e+00   1.3274623e+00   1.1815989e+00   1.0603898e+00   1.0831628e+00   1.0977807e+00   1.2575405e+00   1.2828186e+00   1.3265684e+00   1.4295518e+00
   1.3404516e+00   1.3729465e+00   1.5699288e+00   1.1879672e+00   8.5790169e-01   1.2479354e+00   1.0903684e+00   1.0404963e+00   1.2137580e+00   1.2628878e+00   1.2493526e+00   1.3764243e+00
   1.2562830e+00   1.2716534e+00   1.2303311e+00   1.6062881e+00   1.4649925e+00   1.2028641e+00   1.2474910e+00   1.1982065e+00   1.1674898e+00   1.2071830e+00   1.2861081e+00   1.1807443e+00
   1.4485855e+00   1.5290931e+00   1.4342223e+00   1.5252731e+00   1.2163768e+00   1.1744766e+00   1.1982896e+00   1.0144238e+00   1.1727831e+00   1.0489423e+00   1.3484147e+00   1.4750516e+00
   1.3569427e+00   1.4206058e+00   1.2650806e+00   1.4977416e+00   1.1903325e+00   1.1960025e+00   9.8800081e-01   9.6502054e-01   8.5214078e-01   1.0615845e+00   1.0885755e+00   1.1234798e+00
   7.4342346e-01   1.1303204e+00   1.0414207e+00   1.4107658e+00   1.7629373e+00   8.6796093e-01   1.1128844e+00   1.1043574e+00   1.0133526e+00   1.0619413e+00   1.2473109e+00   1.2796015e+00
   9.9176133e-01   1.0405041e+00   1.4653940e+00   1.5034872e+00   1.0821706e+00   1.2438315e+00   1.1967355e+00   1.0270574e+00   9.8986906e-01   1.3471518e+00   1.3914421e+00   1.2615200e+00
   1.2339535e+00   1.3353282e+00   1.4714402e+00   1.7218306e+00   1.5503733e+00   1.4667464e+00   1.3284022e+00   1.1668684e+00   1.1402273e+00   1.1493844e+00   1.4171264e+00   1.4687910e+00
   1.0103168e+00   1.2966284e+00   1.6912643e+00   1.3168353e+00   1.0598247e+00   1.3034050e+00   1.2078536e+00   1.1358712e+00   1.2688321e+00   1.0433873e+00   1.5264305e+00   1.7939302e+00
   1.2681156e+00   1.0898159e+00   1.0456561e+00   1.2075194e+00   9.1160506e-01   5.7760882e-01   9.8750830e-01   8.9607608e-01   9.2225558e-01   9.7956228e-01   1.1018484e+00   1.3575499e+00
   1.3699038e+00   1.3646575e+00   1.6817356e+00   1.6758319e+00   1.5533731e+00   1.3150192e+00   1.1221110e+00   1.0898103e+00   1.0619047e+00   1.2285295e+00   1.3309199e+00   1.4150109e+00
   1.2837888e+00   1.1912333e+00   1.5063106e+00   1.6156850e+00   1.2447783e+00   9.7251731e-01   1.0241133e+00   8.2240915e-01   9.5443273e-01   8.3613789e-01   1.0550947e+00   1.1110805e+00
   1.2833580e+00   1.0946350e+00   1.2836100e+00   1.0718461e+00   1.1988939e+00   1.4305463e+00   1.1663265e+00   1.1199980e+00   9.6065837e-01   1.0028901e+00   1.2362841e+00   1.4004769e+00
   1.3952645e+00   1.1651058e+00   1.1983995e+00   1.4609284e+00   1.3563560e+00   1.1498328e+00   1.1933593e+00   1.0684086e+00   1.0735357e+00   1.2164885e+00   1.3628566e+00   1.2153981e+00
   1.2780733e+00   1.2799354e+00   1.3731859e+00   1.6054392e+00   1.7048668e+00   1.4679153e+00   1.1956141e+00   9.9876755e-01   1.1337979e+00   1.1300870e+00   1.1412592e+00   1.3746355e+00
   1.1331480e+00   1.1014180e+00   1.3907925e+00   1.5491569e+00   1.5583241e+00   1.2806978e+00   1.1857598e+00   1.1640054e+00   1.1994452e+00   1.2334375e+00   1.0955032e+00   1.1783082e+00
   1.0355983e+00   1.1686842e+00   1.4444914e+00   1.7456495e+00   1.7877247e+00   1.4289352e+00   1.1859746e+00   1.1056238e+00   1.1633189e+00   1.1174285e+00   1.2323883e+00   1.1856202e+00
   1.3057375e+00   1.3315355e+00   1.1046448e+00   1.0134751e+00   1.1006877e+00   1.1447974e+00   1.3130913e+00   1.2266015e+00   1.1213881e+00   1.1493162e+00   1.2038906e+00   1.0947407e+00
   1.1765419e+00   1.3408465e+00   1.3975098e+00   1.4055827e+00   1.6030958e+00   1.3689593e+00   1.2117410e+00   1.0299968e+00   1.0102168e+00   1.0561012e+00   1.1246604e+00   1.2132771e+00
   1.0638856e+00   1.1099478e+00   1.3120590e+00   1.4827408e+00   1.7720227e+00   1.5281061e+00   1.2532140e+00   1.2199560e+00   1.1818422e+00   1.1648401e+00   1.1949029e+00   1.4721370e+00
   1.0799437e+00   1.0339371e+00   9.9346441e-01   9.7400290e-01   8.3502525e-01   9.8696011e-01   1.0691006e+00   1.1933624e+00   1.1052049e+00   9.0483969e-01   1.0484108e+00   1.1426495e+00
   1.4241524e+00   1.3984510e+00   8.9544219e-01   1.0352446e+00   1.2613366e+00   1.3442723e+00   1.2837248e+00   1.1263064e+00   1.1582060e+00   1.0832683e+00   1.1043831e+00   1.0003062e+00
   1.2029632e+00   1.2516285e+00   1.4874879e+00   1.4614723e+00   1.7661201e+00   1.4897125e+00   1.1243236e+00   8.8989794e-01   8.2576209e-01   1.2273562e+00   1.3805791e+00   1.1533585e+00
   7.5640219e-01   1.2483542e+00   1.2096847e+00   1.2494068e+00   6.8781948e-01   5.0378507e-01   7.5325423e-01   9.5706177e-01   1.0830768e+00   1.1072915e+00   1.0654804e+00   1.1182767e+00
   1.2344942e+00   1.3155471e+00   1.4185798e+00   1.5277463e+00   1.6239797e+00   1.1080881e+00   1.1267827e+00   1.0373100e+00   9.3429148e-01   1.1471747e+00   1.3161745e+00   1.1266232e+00
   1.1858392e+00   1.1303092e+00   1.7591377e+00   1.0341769e+00   7.5737786e-01   7.0733553e-01   7.6823634e-01   9.7597927e-01   9.7495586e-01   1.0431150e+00   1.2715551e+00   1.1590908e+00
   9.2963821e-01   8.8588029e-01   8.8552833e-01   1.3996295e+00   1.5960673e+00   1.1406555e+00   1.0729274e+00   1.1327077e+00   1.0978185e+00   1.0217630e+00   1.0830919e+00   1.2837325e+00
   1.2366889e+00   1.2072066e+00   1.2965722e+00   1.4335067e+00   1.4984370e+00   1.2922642e+00   1.0946748e+00   9.8935789e-01   1.0140352e+00   9.7700036e-01   9.9926549e-01   1.0902144e+00
   1.0801808e+00   1.1011436e+00   1.3978429e+00   1.3367553e+00   1.5485127e+00   1.3956984e+00   1.1769410e+00   9.6181083e-01   9.2248744e-01   9.1056210e-01   9.5657301e-01   1.0671014e+00
   1.1285210e+00   1.2223060e+00   1.3692169e+00   1.4137516e+00   1.5129073e+00   1.5722272e+00   9.9977070e-01   9.7018141e-01   8.7904394e-01   1.0060039e+00   1.1508061e+00   1.1669941e+00
   1.1574426e+00   1.2341855e+00   1.3753644e+00   1.5764883e+00   1.6825529e+00   1.5941269e+00   1.3068799e+00   1.0666395e+00   9.8478210e-01   1.0454960e+00   1.1734459e+00   1.3099915e+00
   1.1134875e+00   1.3134499e+00   1.4827993e+00   1.4009256e+00   1.5263697e+00   1.3748398e+00   1.1242164e+00   1.1732060e+00   1.2459935e+00   9.7237611e-01   1.0503328e+00   1.2578195e+00
   1.1311809e+00   1.1393889e+00   1.3198044e+00   1.1206335e+00   1.2220447e+00   1.0759379e+00   8.8336498e-01   1.0377661e+00   1.0702662e+00   1.2118682e+00   1.3110608e+00   1.3283648e+00
   1.0463380e+00   1.1812096e+00   1.3095123e+00   1.3561478e+00   1.5000643e+00   1.5905068e+00   1.3162782e+00   1.0139580e+00   9.7277862e-01   1.0319140e+00   1.1784991e+00   1.2487170e+00
   1.2146788e+00   1.0091000e+00   1.2198400e+00   1.3800642e+00   1.3130608e+00   1.2122029e+00   1.1202031e+00   9.0557820e-01   9.9297142e-01   1.0087414e+00   1.0511613e+00   1.0031340e+00
   1.1113656e+00   1.3580681e+00   1.5280650e+00   1.2926992e+00   1.4167773e+00   1.2246090e+00   1.1826855e+00   9.3394631e-01   9.3545431e-01   1.0028414e+00   1.1092747e+00   1.1534501e+00
   1.0596462e+00   1.3314779e+00   1.4853061e+00   1.6286403e+00   1.5471948e+00   1.5116537e+00   1.0439317e+00   7.2973633e-01   9.1123593e-01   1.0509884e+00   1.1742254e+00   1.1985984e+00
   1.3330542e+00   1.4643553e+00   1.4096717e+00   1.7610235e+00   1.6498609e+00   1.2770666e+00   1.0848514e+00   9.8504156e-01   9.1465080e-01   9.2756575e-01   1.0560002e+00   1.1820344e+00
   1.2481275e+00   1.2529020e+00   1.5962123e+00   2.1285784e+00   1.8937726e+00   1.2127634e+00   1.0892748e+00   9.8276669e-01   7.6494181e-01   8.2519454e-01   1.1332318e+00   1.2948257e+00
   1.1724076e+00   1.5701512e+00   1.4520874e+00   1.1680822e+00   1.0711558e+00   6.6428733e-01   8.3326250e-01   9.0015018e-01   9.7479737e-01   1.0205014e+00   1.0929368e+00   1.0595567e+00
   1.2686917e+00   1.3222524e+00   1.4431726e+00   1.5722518e+00   1.2715166e+00   1.3520347e+00   1.1703168e+00   1.1207374e+00   9.1555601e-01   9.1878247e-01   1.1718489e+00   1.2867107e+00
   9.6632463e-01   1.2456568e+00   1.4099683e+00   1.3898765e+00   1.8456903e+00   1.4457706e+00   1.2635429e+00   1.2316699e+00   1.1042075e+00   1.0872562e+00   1.0492100e+00   1.1816219e+00
   1.3448330e+00   1.2903919e+00   1.3909161e+00   1.7132341e+00   1.7885867e+00   1.8924041e+00   1.2179962e+00   1.2563385e+00   1.0815729e+00   9.6826911e-01   1.0132580e+00   1.2141073e+00
   1.0130742e+00   1.3619930e+00   1.7616134e+00   1.9826384e+00   1.9732622e+00   1.5894320e+00   1.2296288e+00   1.0003302e+00   1.1619540e+00   1.1019367e+00   1.2425208e+00   1.1421442e+00
   1.0532031e+00   9.4375467e-01   1.2143923e+00   1.1262467e+00   1.3253713e+00   1.3585018e+00   1.2226402e+00   1.1890283e+00   1.1360763e+00   1.0813242e+00   1.2707490e+00   1.1460551e+00
   1.3151262e+00   1.3195280e+00   1.4162635e+00   1.4358563e+00   1.8516203e+00   1.6297559e+00   1.1777182e+00   1.2920184e+00   1.1969738e+00   1.1308274e+00   1.1132203e+00   1.1282979e+00
   1.1752442e+00   1.2022671e+00   1.3300841e+00   1.5514804e+00   1.5403589e+00   1.2783941e+00   1.4867578e+00   1.2601504e+00   1.0463226e+00   1.0751996e+00   1.2695792e+00   1.3823018e+00
   1.1208383e+00   1.4035944e+00   1.6373082e+00   1.7020726e+00   1.5225829e+00   1.5769608e+00   1.2180988e+00   1.1473628e+00   1.0569512e+00   1.0025170e+00   1.1518388e+00   1.1556677e+00
   1.2310942e+00   1.3019974e+00   1.4235004e+00   1.1393665e+00   1.6338629e+00   1.6158921e+00   1.2417636e+00   1.2148855e+00   1.0157849e+00   1.0304507e+00   1.1407505e+00   1.3669233e+00
   1.2597939e+00   1.0049856e+00   1.3050706e+00   1.4322087e+00   1.6343312e+00   1.4520143e+00   1.3843865e+00   1.4449416e+00   1.2364600e+00   1.0246446e+00   1.0874091e+00   1.1098381e+00
   1.1618495e+00   1.1250048e+00   1.2336622e+00   1.1879311e+00   1.3940809e+00   1.2675579e+00   1.1897482e+00   1.1251934e+00   1.2190334e+00   1.1515263e+00   1.1297292e+00   1.1677682e+00
   1.1455027e+00   1.1287382e+00   1.2992228e+00   1.3268815e+00   1.1573052e+00   1.0936087e+00   1.2495190e+00   1.0325990e+00   1.0791905e+00   1.1508658e+00   1.0740008e+00   1.1784432e+00
   1.1947228e+00   1.1915935e+00   1.4219245e+00   1.6313337e+00   1.9060935e+00   1.4384228e+00   1.2028264e+00   1.1025881e+00   1.0885634e+00   1.0189453e+00   1.0984013e+00   1.1973388e+00
   1.2215183e+00   1.3183116e+00   1.3876445e+00   1.6390455e+00   1.5733747e+00   1.4029809e+00   1.1536263e+00   1.0922602e+00   1.0520171e+00   1.0760363e+00   1.1952118e+00   1.3242532e+00
   1.1587497e+00   1.2191114e+00   1.4289424e+00   1.5944656e+00   1.8874183e+00   1.9105644e+00   1.4754590e+00   1.1717300e+00   1.0485471e+00   1.0433182e+00   1.1794394e+00   1.2833625e+00
   1.2762102e+00   1.2568493e+00   1.1741378e+00   1.3690951e+00   1.5499014e+00   1.5187243e+00   1.1911923e+00   1.3217623e+00   1.1641263e+00   1.2284405e+00   1.1797117e+00   1.3731704e+00
   1.2046192e+00   1.2941291e+00   1.3778075e+00   1.3077847e+00   1.4615692e+00   1.4658915e+00   1.2791693e+00   1.0664493e+00   1.0762901e+00   1.1008635e+00   1.1967803e+00   1.2960089e+00
   1.2019928e+00   9.6985465e-01   1.2752137e+00   1.4981552e+00   1.5371820e+00   1.2354258e+00   1.3489342e+00   1.2511203e+00   1.0896339e+00   1.1381404e+00   1.0747159e+00   1.2139441e+00
   1.1546998e+00   1.1114589e+00   1.2197325e+00   1.1444180e+00   1.5369978e+00   1.4460491e+00   1.2395636e+00   1.1339372e+00   1.0591748e+00   1.1827686e+00   1.2577854e+00   1.2619830e+00
   1.2902343e+00   1.2761130e+00   1.3412944e+00   1.6013763e+00   1.7245747e+00   1.6898609e+00   1.2645384e+00   1.1054584e+00   1.0909681e+00   1.2243037e+00   1.4429746e+00   1.2995026e+00
   1.3079579e+00   1.3249381e+00   1.4396689e+00   1.7059636e+00   1.5597585e+00   1.3006877e+00   1.3863784e+00   1.0941298e+00   1.0238783e+00   1.0979518e+00   1.0865005e+00   1.3103584e+00
   1.5297787e+00   1.3498491e+00   1.3702323e+00   1.6159022e+00   1.7407557e+00   1.5654489e+00   1.3064128e+00   1.2123510e+00   1.1138597e+00   1.0284121e+00   1.3404905e+00   1.2402697e+00
   9.9422371e-01   1.0846674e+00   1.3943334e+00   1.4315131e+00   1.4237977e+00   1.1031294e+00   1.3995582e+00   1.3548110e+00   1.0475916e+00   9.1635644e-01   1.1455885e+00   1.3981196e+00
   9.3532556e-01   8.8740718e-01   1.0272843e+00   1.5088952e+00   1.6668954e+00   1.5301327e+00   1.2496370e+00   1.0254346e+00   8.6139846e-01   1.1021934e+00   1.0318178e+00   9.4314045e-01
   1.2055207e+00   1.1713920e+00   1.1288264e+00   1.2064445e+00   1.6423258e+00   1.6846743e+00   1.2161632e+00   1.2641015e+00   1.0768714e+00   1.0361530e+00   1.1003692e+00   1.0543523e+00
   9.5047539e-01   1.0325572e+00   1.1490226e+00   1.6592247e+00   2.0646343e+00   1.7858487e+00   1.3825668e+00   1.1468072e+00   1.0943007e+00   1.0564657e+00   1.0675906e+00   1.2473384e+00
   1.0444093e+00   1.1197399e+00   1.2056836e+00   1.4177961e+00   1.7475965e+00   1.4801795e+00   1.2054390e+00   9.6278298e-01   7.7499020e-01   8.5248816e-01   1.1374060e+00   1.1482294e+00
   1.1730436e+00   1.0749496e+00   9.5619887e-01   1.2872894e+00   1.6271913e+00   1.4782416e+00   1.2201804e+00   1.1632857e+00   9.8114544e-01   1.0170714e+00   1.1270632e+00   1.5903606e+00
   1.3700494e+00   1.2940930e+00   1.0920901e+00   1.3591613e+00   1.4494200e+00   1.5301452e+00   1.3147231e+00   1.0196359e+00   8.9485550e-01   9.3966037e-01   1.1447976e+00   1.4271765e+00
   1.3872490e+00   8.6794651e-01   1.0210103e+00   1.2178813e+00   1.4628874e+00   1.6438289e+00   1.5180951e+00   1.2937369e+00   1.3202894e+00   1.0791744e+00   1.1341547e+00   1.0910937e+00
   1.1591382e+00   1.0857675e+00   1.2067331e+00   1.3445204e+00   1.4369268e+00   1.4298676e+00   1.2028385e+00   1.0926644e+00   1.0360698e+00   1.0525302e+00   1.1941799e+00   1.1877356e+00
   1.1891116e+00   1.1873081e+00   1.2314178e+00   1.6203197e+00   1.8437390e+00   1.6214573e+00   1.4148597e+00   1.2946529e+00   1.1017811e+00   1.0554532e+00   1.2304437e+00   1.1399305e+00
   1.0916153e+00   1.2166014e+00   1.1750929e+00   1.2900050e+00   1.5732751e+00   1.5802370e+00   1.5737920e+00   1.3879384e+00   1.2903379e+00   1.2403158e+00   1.1528503e+00   1.2581530e+00
   1.5498611e+00   1.4181017e+00   1.3163149e+00   1.4392208e+00   1.5529513e+00   1.5380180e+00   1.3463348e+00   1.3576949e+00   1.3491964e+00   1.1396205e+00   1.0714349e+00   1.1843507e+00
   1.3842529e+00   1.2203927e+00   1.3291287e+00   1.5752600e+00   1.4909753e+00   1.5131042e+00   1.3822942e+00   1.3287321e+00   1.2256110e+00   1.2055839e+00   1.2216315e+00   1.2800739e+00
   1.1744136e+00   1.3685946e+00   1.2188449e+00   1.4450676e+00   1.7638538e+00   1.6371117e+00   1.3725725e+00   1.3308482e+00   1.2206413e+00   1.2838929e+00   1.2902700e+00   1.4305470e+00
   1.6255562e+00   1.5646267e+00   1.5747075e+00   1.6246115e+00   1.6080309e+00   1.5034223e+00   1.4680254e+00   1.4642366e+00   1.3069315e+00   1.2753308e+00   1.2139310e+00   1.4208748e+00
   1.4129481e+00   1.5447750e+00   1.5222883e+00   1.6048459e+00   1.7110301e+00   1.8887875e+00   1.5198982e+00   1.3343563e+00   1.2068527e+00   1.1920727e+00   1.2006518e+00   1.6119026e+00
   1.2691839e+00   1.1935357e+00   9.7050405e-01   1.3508613e+00   1.6083562e+00   1.5726520e+00   1.5539455e+00   1.4115076e+00   1.2228007e+00   1.1745487e+00   1.2391107e+00   1.4029502e+00
   1.5370907e+00   1.3045144e+00   1.1968836e+00   1.1551762e+00   1.3670620e+00   1.4152975e+00   1.3919594e+00   1.3580401e+00   1.3127401e+00   1.1335123e+00   1.1722727e+00   1.1082947e+00
   1.2991699e+00   1.2870482e+00   1.2806340e+00   1.5282844e+00   1.7283149e+00   1.6673094e+00   1.4741468e+00   1.3316871e+00   1.2415195e+00   1.2440081e+00   1.2670876e+00   1.2242713e+00
   1.2843660e+00   1.2571129e+00   1.2848151e+00   1.4932843e+00   1.6549237e+00   1.6708999e+00   1.6994706e+00   1.4010496e+00   1.2613479e+00   1.1307138e+00   1.2077968e+00   1.2734947e+00
   1.1535640e+00   1.1205926e+00   1.5236651e+00   1.6648605e+00   1.7105389e+00   1.6798123e+00   1.5997742e+00   1.3784430e+00   1.2689497e+00   1.1401405e+00   1.0960590e+00   1.2542648e+00
   1.3070167e+00   1.2044203e+00   1.3631124e+00   1.6576717e+00   1.7446481e+00   1.6458158e+00   1.6266458e+00   1.2584867e+00   1.1149331e+00   1.1840949e+00   1.1760647e+00   1.2354755e+00
   1.3081514e+00   1.2600139e+00   1.1966302e+00   1.2955282e+00   1.5805162e+00   1.5976524e+00   1.4584535e+00   1.3403790e+00   1.3193235e+00   1.2146257e+00   1.3687037e+00   1.3963866e+00
   1.6167967e+00   1.4555162e+00   1.4041332e+00   1.6542647e+00   1.7338307e+00   1.7279247e+00   1.4999169e+00   1.6399645e+00   1.5221102e+00   1.2712796e+00   1.1345360e+00   1.1963443e+00
   9.7685111e-01   1.0559766e+00   1.1541328e+00   1.2890522e+00   1.5630400e+00   1.6531403e+00   1.4930078e+00   1.3271970e+00   1.2490833e+00   1.2544028e+00   1.1794904e+00   1.1832317e+00
   1.2905984e+00   1.3218904e+00   1.5966296e+00   1.6426162e+00   1.7719357e+00   1.7202487e+00   1.6787070e+00   1.5332812e+00   1.3869812e+00   1.2132126e+00   1.2176362e+00   1.3144780e+00
   1.4409362e+00   1.1448269e+00   1.2848421e+00   1.4452604e+00   1.7148093e+00   1.6858580e+00   1.5304227e+00   1.4888425e+00   1.3593956e+00   1.2688487e+00   1.1784964e+00   1.2371411e+00
   1.3940145e+00   1.3895533e+00   1.4110301e+00   1.3619541e+00   1.3795228e+00   1.4326719e+00   1.4728036e+00   1.5199664e+00   1.3324624e+00   1.2304134e+00   1.2304846e+00   1.2464603e+00
   1.3240123e+00   1.3228570e+00   1.3714037e+00   1.5350432e+00   1.7144848e+00   1.6794478e+00   1.8246651e+00   1.6152533e+00   1.3349202e+00   1.3295106e+00   1.4104253e+00   1.3852973e+00
   1.5310092e+00   1.5445076e+00   1.6357247e+00   1.5293677e+00   1.6334504e+00   1.6190012e+00   1.4852183e+00   1.4628531e+00   1.2268624e+00   1.1954868e+00   1.2953461e+00   1.4228182e+00
   1.4365772e+00   1.4327680e+00   1.5281382e+00   1.6640966e+00   1.9534271e+00   1.8475633e+00   1.4309686e+00   1.3899914e+00   1.3958750e+00   1.4239538e+00   1.4681367e+00   1.2890532e+00
   1.3082272e+00   1.3645095e+00   1.3444477e+00   1.2770522e+00   1.5791931e+00   1.6748400e+00   1.5189683e+00   1.6113715e+00   1.4147787e+00   1.3504577e+00   1.2484583e+00   1.2456361e+00
   1.2089391e+00   1.4516627e+00   1.6738589e+00   1.7652055e+00   1.6783127e+00   1.4952735e+00   1.3810786e+00   1.2742736e+00   1.3141577e+00   1.2516764e+00   1.4074637e+00   1.4431920e+00
   1.4301659e+00   1.3956496e+00   1.3548651e+00   1.3996271e+00   1.6229146e+00   1.7172123e+00   1.6978395e+00   1.5460551e+00   1.4169825e+00   1.2302741e+00   1.4220330e+00   1.4517397e+00
   1.5114512e+00   1.5272354e+00   1.6990063e+00   1.8805850e+00   1.9220660e+00   1.7835184e+00   1.5217283e+00   1.2564280e+00   1.2116781e+00   1.1130947e+00   1.1069778e+00   1.1497265e+00
   1.2444379e+00   1.2516456e+00   1.3487771e+00   1.7247146e+00   1.9041986e+00   1.7964550e+00   1.7047207e+00   1.6478126e+00   1.3731124e+00   1.3121352e+00   1.2701991e+00   1.2260466e+00
   1.2522242e+00   1.0997384e+00   1.1896901e+00   1.3807592e+00   1.5351031e+00   1.5728996e+00   1.3894067e+00   1.4072928e+00   1.3786976e+00   1.4448273e+00   1.4190248e+00   1.4601005e+00
   1.3450468e+00   1.3801737e+00   1.3193388e+00   1.1056629e+00   1.3779477e+00   1.6669898e+00   1.6423994e+00   1.4603047e+00   1.3093346e+00   1.2593106e+00   1.3466529e+00   1.4023072e+00
   1.3302214e+00   1.2697873e+00   1.3234864e+00   1.8464437e+00   2.3261077e+00   2.0422359e+00   1.6170549e+00   1.5112352e+00   1.2898074e+00   1.3913183e+00   1.1837053e+00   1.1983399e+00
   1.2090460e+00   1.1907921e+00   1.4604539e+00   1.7084635e+00   1.5552671e+00   1.4748291e+00   1.5496569e+00   1.3922106e+00   1.3110467e+00   1.2065942e+00   1.3291936e+00   1.3774824e+00
   1.5078990e+00   1.5610558e+00   1.6329992e+00   1.8658309e+00   1.9589407e+00   1.8238872e+00   1.5760665e+00   1.5802927e+00   1.5187178e+00   1.4541597e+00   1.3336381e+00   1.4925671e+00
   1.5561105e+00   1.2329111e+00   1.1574601e+00   1.1909536e+00   1.3309005e+00   1.4095730e+00   1.3117826e+00   1.1159317e+00   1.1007943e+00   1.0082567e+00   1.0040960e+00   1.1695893e+00
   1.3350685e+00   1.3402538e+00   1.3063215e+00   1.5804806e+00   1.7228556e+00   1.7732128e+00   1.7953731e+00   1.6417730e+00   1.3236537e+00   1.2050046e+00   1.2265918e+00   1.2633885e+00
   1.2745832e+00   1.3209682e+00   1.2499310e+00   1.5015134e+00   1.6097256e+00   1.6009787e+00   1.6192057e+00   1.5511051e+00   1.1463475e+00   1.0954388e+00   1.3188268e+00   1.3554680e+00
   1.2848607e+00   1.2820352e+00   1.4235234e+00   1.5427951e+00   1.7995492e+00   1.8742608e+00   1.5200227e+00   1.3353449e+00   1.4109341e+00   1.0614264e+00   9.0647745e-01   9.1539514e-01
   1.2650188e+00   1.2726725e+00   1.0111886e+00   1.1728843e+00   1.2885857e+00   1.2550683e+00   9.7527611e-01   1.0424036e+00   9.6053350e-01   9.5120877e-01   1.0555419e+00   1.0819932e+00
   1.3819182e+00   1.4437898e+00   1.4258119e+00   1.5559665e+00   1.7687206e+00   1.7892621e+00   1.6378241e+00   1.4691155e+00   1.1684474e+00   1.0623027e+00   1.0426466e+00   1.1348542e+00
   1.2925751e+00   1.5172070e+00   1.5416356e+00   1.6562965e+00   1.6830397e+00   1.7650721e+00   1.6710248e+00   1.4163606e+00   1.2460321e+00   1.2171757e+00   1.2522892e+00   1.5140790e+00
   1.6138991e+00   1.3773147e+00   1.7150172e+00   1.6768527e+00   1.6620958e+00   1.5487840e+00   1.5134454e+00   1.3874779e+00   1.1256247e+00   1.0827441e+00   1.0763669e+00   1.3040475e+00
   1.2658049e+00   1.0408787e+00   1.1085082e+00   1.4697682e+00   1.6680144e+00   1.6273819e+00   1.5689089e+00   1.4142971e+00   1.2567838e+00   1.1677605e+00   1.1380514e+00   1.2615839e+00
   1.3929173e+00   1.4754337e+00   1.3446225e+00   1.2590263e+00   1.2510664e+00   1.4437643e+00   1.4008203e+00   1.3272862e+00   1.0877848e+00   9.9889523e-01   9.2963642e-01   1.0578078e+00
   1.0882311e+00   1.0176158e+00   1.1383337e+00   1.3364600e+00   1.4552553e+00   1.2102714e+00   1.1545932e+00   1.1457621e+00   1.0024111e+00   8.4012806e-01   9.8616254e-01   1.0874588e+00
   1.2208827e+00   1.3057009e+00   1.3947054e+00   1.5589330e+00   1.8347377e+00   1.7974532e+00   1.5792352e+00   1.4642211e+00   1.1890903e+00   1.0848856e+00   1.0576115e+00   1.0000569e+00
   1.2782419e+00   1.1693380e+00   1.0862876e+00   1.3200648e+00   1.6561840e+00   1.7505178e+00   1.4627454e+00   1.3968593e+00   1.2674884e+00   1.2849022e+00   1.2115531e+00   1.2880257e+00
   1.3887266e+00   1.3617330e+00   1.4065979e+00   1.5122077e+00   1.6748060e+00   1.6439632e+00   1.4623332e+00   1.2784262e+00   1.1219560e+00   1.0228289e+00   9.3293434e-01   1.1991653e+00
   1.3605500e+00   1.3726546e+00   1.2967470e+00   1.7724398e+00   1.8885475e+00   1.7856891e+00   1.5767291e+00   1.1803565e+00   1.3343252e+00   1.3391509e+00   1.2672173e+00   1.0130153e+00
   8.8272709e-01   9.5576823e-01   8.8195205e-01   9.6402746e-01   1.2083472e+00   1.4199189e+00   1.3908565e+00   1.1417150e+00   1.1877682e+00   1.0484869e+00   1.1633763e+00   1.3491970e+00
   1.4596477e+00   1.3062866e+00   1.3844672e+00   1.5993630e+00   1.7013361e+00   1.7388660e+00   1.6777172e+00   1.4281286e+00   1.3537220e+00   1.3790517e+00   1.3780997e+00   1.4840806e+00
   1.4160628e+00   1.4271826e+00   1.4233311e+00   1.5933656e+00   1.7877467e+00   1.9511896e+00   1.7699981e+00   1.5718300e+00   1.3121307e+00   1.1412430e+00   1.1265030e+00   1.2241571e+00
   1.3212852e+00   1.1852831e+00   1.4468267e+00   1.6791645e+00   1.7704649e+00   1.7704839e+00   1.4912704e+00   1.2715360e+00   1.1860920e+00   1.1303998e+00   1.1349653e+00   1.2355309e+00
   1.3305726e+00   1.1977669e+00   1.0789981e+00   1.4010371e+00   1.6568220e+00   1.6482085e+00   1.3562799e+00   1.1954037e+00   9.6783578e-01   9.0697205e-01   1.0848768e+00   8.3432221e-01
   1.0357291e+00   1.0840061e+00   1.1736740e+00   1.3241593e+00   1.4584568e+00   1.6308765e+00   1.5707482e+00   1.1966982e+00   1.1787883e+00   1.1867911e+00   1.1156029e+00   1.0643799e+00
   1.1327430e+00   1.1844338e+00   1.1790286e+00   1.5525489e+00   1.7086444e+00   1.5181059e+00   1.6716826e+00   1.4527057e+00   1.2253051e+00   1.0173383e+00   1.0609097e+00   1.1484367e+00
   1.1772203e+00   1.1193950e+00   1.3831501e+00   1.3683809e+00   1.4186772e+00   1.5675489e+00   1.4560369e+00   1.3269541e+00   1.3144938e+00   1.0802683e+00   1.0470176e+00   1.1572579e+00
   1.1821430e+00   1.2896242e+00   1.5658793e+00   1.7615174e+00   1.8192815e+00   1.7920732e+00   1.5667073e+00   1.3874609e+00   1.2165020e+00   9.0069115e-01   1.0221882e+00   1.0434347e+00
   7.5473624e-01   1.0601811e+00   1.2923651e+00   1.6299124e+00   1.7418697e+00   1.7344861e+00   1.4229549e+00   1.3881872e+00   1.2473831e+00   1.1902212e+00   1.2164737e+00   1.2824348e+00
   1.3050040e+00   1.3320827e+00   1.5319340e+00   1.7658350e+00   1.8457054e+00   1.9453063e+00   1.6666954e+00   1.4295844e+00   1.2786006e+00   1.3157082e+00   1.1601672e+00   1.2185192e+00
